12.0	1.0	0.089076	-9.27185730443	0.000502576312869	0.376073341922	0.00185351808205	-8.8957839625	0.00235471049173	439.995582395	0.0429009722452	2.66829048363	0.00186304101756	8.44735879982	0.275873267963	1.00113998338	1.72446005343e-06	24.7320724772	0.00913429022349	5434.9934057	297.971425461	5870.13676009	23.7006957221	183872.788979	26637.7628154	20081.2186729	1168.5715701
12.0	1.0	0.084564	-9.21745517742	0.000288258403479	0.54645319377	0.00108206625205	-8.67100198365	0.00136831484447	435.624828179	0.0283148588682	2.69602914279	0.00164896805227	8.16981953309	0.0967485055389	1.00119496796	1.53916727409e-06	24.4804682711	0.00768188010156	5246.46195491	104.67140014	6104.19414276	10.8426640916	-37379.7164791	10646.5058007	16954.9410542	1061.87731397
12.0	1.0	0.08494	-9.22155404564	0.000257632574296	0.533266679508	0.000993322065503	-8.68828736614	0.00124736455718	435.944577429	0.0260867163896	2.6967357617	0.00185001265501	8.19143013937	0.0878348085135	1.00119103943	1.56315844273e-06	24.4862782607	0.00858480059352	5267.92398134	96.5986548654	6090.1389199	8.51468443953	-31691.3243013	10218.5175157	18080.4804459	1051.33344346
12.0	1.0	0.086632	-9.24022345488	0.000541559133605	0.474500560748	0.00204686168862	-8.76572289413	0.0025869751843	437.460791431	0.0452780691977	2.68616524575	0.00158414306079	9.81510122894	0.194612760246	1.00117370976	1.53501523526e-06	24.5776019375	0.00764484249524	6991.41774993	208.060729988	6116.93241426	17.2075485148	-71144.47499	16929.8910122	16586.5544658	1019.09451332
12.0	1.0	0.086444	-9.23780246678	0.000502305875816	0.482012461354	0.00188330877276	-8.75579000543	0.00238412158955	437.273415094	0.0452948929156	2.68683868833	0.00204843416287	9.50917014047	0.188126396238	1.00117272399	1.56759773569e-06	24.5692065277	0.00991691237356	6653.14124317	204.60188807	6111.80073359	13.9882984114	-92804.8891023	16047.7299048	19149.4423533	1015.69805642
12.0	1.0	0.089452	-9.27517496399	0.000449669259472	0.366829996497	0.00160980398164	-8.90834496749	0.00205832959748	440.278957257	0.0415204544574	2.66645326574	0.00188630127185	7.97299111627	0.238569914539	1.00113589844	1.48906486157e-06	24.748657586	0.00930282468672	4883.4320944	251.566126646	5841.13652647	23.2971701156	157785.521561	21467.190123	21159.1027527	1185.99730039
12.0	1.0	0.087196	-9.24745524629	0.000563852907478	0.451616680771	0.00215020401453	-8.79583856552	0.00271261655841	438.059158666	0.0478522456431	2.67989167329	0.00189806882374	9.978189659	0.195742885937	1.00116348768	1.61270402106e-06	24.6234570321	0.00917252139564	7149.68461304	208.958339793	6104.1405693	17.8155843265	-5462.8190427	17026.1253696	17804.580593	1254.12124751
12.0	1.0	0.089264	-9.27305421104	0.00046525306999	0.372916469218	0.00172292111097	-8.90013774182	0.00218643971977	440.108752657	0.0409226652091	2.66468209767	0.00165101831868	8.20167389292	0.257684020246	1.00113885347	1.56086497608e-06	24.7521164039	0.00838289857201	5166.60602062	277.610236961	5847.07378921	23.4578199522	172558.93167	24395.6325844	20610.6630866	1316.19698008
12.0	1.0	0.085504	-9.22752354261	0.0003866576882	0.514285559797	0.00150115655179	-8.71323798282	0.00188634633776	436.454751517	0.0347975032828	2.69111199544	0.001506454039	8.84922726969	0.194900738642	1.00118509848	1.6133045907e-06	24.5264368757	0.00729239184233	5972.4841818	211.37083896	6106.69172151	16.2138579514	-73520.0489808	24119.066067	16432.5768918	1124.68590793
12.0	1.0	0.087384	-9.25038193289	0.000671084587782	0.442015733997	0.00252897919355	-8.8083661989	0.00319907201741	438.310965312	0.0578924057098	2.67642407483	0.00184462766627	10.3624268734	0.148421648732	1.00116318691	1.76469599024e-06	24.6466253566	0.00944943915877	7550.47863323	160.024489351	6113.13907503	14.3130878365	2412.70154972	24446.4312406	18241.1898313	1221.51124317
12.0	1.0	0.084376	-9.21584538465	0.000221310308264	0.551053914098	0.000831568918724	-8.66479147056	0.00104977576172	435.495264991	0.0239910171656	2.69605119685	0.00187109280189	8.02269973788	0.089177117678	1.00119423664	1.59921547853e-06	24.47670411	0.00872520078801	5089.19736109	95.634338504	6102.75232653	9.78705004093	-18138.9283625	7786.41419176	16731.7213211	1009.64019061
12.0	1.0	0.088324	-9.26412856597	0.000535597472686	0.398360775143	0.00199794527722	-8.86576779082	0.00253210204136	439.400786159	0.0454437582683	2.67425784638	0.00191730815012	9.22816045138	0.248567686023	1.00114910998	1.63670726756e-06	24.6874890909	0.00952389634733	6281.60417989	267.824586529	5975.68004474	22.6995538804	176494.355292	22701.3859089	21248.8817468	1161.76426171
12.0	1.0	0.08588	-9.23188559483	0.000455753125918	0.500829336021	0.00176290560835	-8.73105625881	0.00221705666883	436.844889011	0.037668468804	2.68660939694	0.0018435105767	9.36087940041	0.186042678932	1.00117770561	1.51576429747e-06	24.5581446383	0.00871721161016	6512.89771571	201.881763265	6127.424072	13.4691634698	-88130.8465839	15973.5205115	16108.0374137	1013.23246667
12.0	1.0	0.086256	-9.2361108949	0.000477174880389	0.487358511967	0.00184382664899	-8.74875238293	0.00231937372608	437.173028797	0.0381852721494	2.6842933152	0.00187848837814	9.46355150898	0.193766248472	1.00117515795	1.76253997824e-06	24.5780854373	0.00894363854635	6619.09417777	210.4251767	6121.20168306	15.3303795791	-91808.9343668	12941.4613368	16751.8146871	961.472045946
12.0	1.0	0.088136	-9.26153987103	0.000564940345402	0.40622117357	0.00207373598901	-8.85531869746	0.0026375575962	439.208254774	0.0470286184568	2.67284762068	0.00168478334858	9.59972712228	0.215648213237	1.0011465496	1.8846136282e-06	24.6885970253	0.00821828431937	6675.6095707	230.408679148	6010.00826308	20.9324174456	155661.308611	18047.5747353	21888.124609	1115.96788317
12.0	1.0	0.08682	-9.24243276532	0.000550279705168	0.467564261987	0.00209116870869	-8.77486850333	0.00263996978367	437.660652203	0.0468798477521	2.68173376521	0.00171775650141	9.92382236533	0.188857309057	1.00116854252	1.36722550502e-06	24.6036787737	0.008264735143	7100.84227948	203.733443856	6112.37626938	15.0673898193	-65222.2479215	18197.7425835	16526.5864386	1129.76944405
12.0	1.0	0.084	-9.21283573157	0.000220023687776	0.55992000758	0.00088381571519	-8.65291572399	0.00110086172244	435.243282205	0.0223747800695	2.702008426	0.0020091079868	8.10870154111	0.102450530893	1.001200108	1.64350734551e-06	24.4424199593	0.00938750850902	5196.88396972	110.365760326	6114.07007521	11.260163211	-48846.1634979	13010.1320376	18932.1777744	979.990496111
12.0	1.0	0.085128	-9.22370155152	0.000298518401469	0.52638043782	0.00116263287617	-8.69732111369	0.00145898586585	436.151537292	0.0271426075182	2.69315573785	0.00178629708223	8.42806353553	0.101423521023	1.00118713745	1.51292994029e-06	24.5085005859	0.00835963314197	5528.09891181	110.048024809	6090.17195853	10.1128557938	-50938.2941486	11820.245519	16455.3991168	1011.36612231
12.0	1.0	0.084188	-9.21449749312	0.000221415850732	0.555124821164	0.000845038525087	-8.65937267196	0.00106352528064	435.389213603	0.021939195456	2.70110945796	0.0014347117003	8.05564093805	0.100522833995	1.00120066501	1.6232878804e-06	24.4506359628	0.00667143488856	5149.48412539	106.6161262	6105.22855725	12.200061082	-26195.122994	9199.13606873	16827.672511	1175.0967703
12.0	1.0	0.088512	-9.26415135003	0.000647412103097	0.399701541895	0.00238632097358	-8.86444980814	0.00303253066061	439.405663925	0.057959638113	2.66796093748	0.00203273388321	9.57834986337	0.237366360894	1.00114923012	1.93087818363e-06	24.7169217831	0.0100797452887	6654.3621937	255.819018476	5998.42687715	22.0829483577	163337.946421	20343.3442653	19125.7120728	1241.78591587
12.0	1.0	0.087572	-9.25352092047	0.000605303965615	0.431745316227	0.00226559264144	-8.82177560424	0.00287000294352	438.541481949	0.0509415673572	2.67590859673	0.00178676149075	10.3838703023	0.208656968362	1.00115893642	1.63178507769e-06	24.6555344076	0.00857538497307	7540.59034767	220.420340269	6110.45978771	22.2862369417	100650.250442	21664.4660357	20400.3849031	1222.73984798
12.0	1.0	0.086068	-9.23413170275	0.000482591462445	0.493468536763	0.00183515916912	-8.74066316599	0.00231598153713	436.989758919	0.0426958837065	2.68776048914	0.0017987085655	9.66942554326	0.216560854142	1.00117853777	1.56836894069e-06	24.5569488115	0.00880318463926	6853.72261598	234.71364032	6126.05859004	15.7246943569	-111526.030802	16534.6554831	16599.985239	1004.94263606
12.0	1.0	0.089828	-9.27900159675	0.000306972294192	0.356142416586	0.00114275021555	-8.92285918017	0.00144723644166	440.562321271	0.0291240702713	2.66651205484	0.00167275258411	7.24439165634	0.19174460538	1.00113515746	1.48604934416e-06	24.7563943768	0.00806016548351	4121.47978751	205.326977679	5755.05644513	17.3799743524	114728.971137	21562.9113489	17834.2331781	1214.52163566
12.0	1.0	0.085692	-9.23006887434	0.000427406985927	0.505917751671	0.00165423864897	-8.72415112267	0.00208021992656	436.658026563	0.0363829717617	2.69212120716	0.00168428624673	9.10087192575	0.180481067872	1.00118364666	1.6170484015e-06	24.5275559108	0.00807458100394	6232.81672842	195.16071164	6121.19684484	14.8038987306	-95130.9436675	16607.1340686	15884.3448817	1085.72474354
12.0	1.0	0.085316	-9.22440063323	0.000278261199357	0.524902645229	0.00109305458796	-8.699497988	0.00136877718851	436.201535129	0.0242846907311	2.69380579218	0.0017226851381	8.42645661053	0.157151478854	1.00118889254	1.63835487792e-06	24.5069381767	0.00804021637443	5521.11740168	168.374350104	6087.79787269	13.8458467253	-42367.7984355	17113.9902894	17076.4093055	928.791846972
12.0	1.0	0.084752	-9.21924490002	0.000252753338906	0.540681235579	0.000951770013027	-8.67856366444	0.00120134256245	435.777800792	0.0257671205679	2.69311092336	0.00199861951498	8.07678106651	0.0980911119357	1.00119237452	1.48878524129e-06	24.4981375418	0.0094006408136	5153.99639259	107.08212895	6095.43739441	10.1893816847	-33164.1341261	10531.948499	17493.6455215	1017.8387368
12.0	1.0	0.087948	-9.25775046041	0.00065419081078	0.419244649911	0.00242418374357	-8.8385058105	0.0030773888291	438.8782546	0.0555949286281	2.67483011429	0.0020039481997	10.3791110166	0.188338229825	1.0011573483	1.66330456322e-06	24.6700600795	0.0101504300306	7537.7595759	201.957451903	6093.93382699	19.5418910297	126310.481604	22865.7168121	22040.2579154	1343.34273693
12.0	1.0	0.087008	-9.24536000391	0.000602701362683	0.458116962189	0.00226768688353	-8.78724304172	0.00286928529609	437.894668434	0.0523203860857	2.67994505911	0.00216192370363	10.4888530589	0.183110939765	1.00116685105	1.75584851372e-06	24.6185583896	0.0104837049638	7687.70770908	197.051604064	6155.01140172	16.337053115	-32962.431491	19312.7212472	16915.1766737	1108.08219507
12.0	1.0	0.0887	-9.26807300247	0.000466170933478	0.386782483798	0.00173499984495	-8.88129051867	0.00219964714138	439.70901414	0.0409517223273	2.67171693981	0.00185286280738	8.95280983597	0.225891675322	1.00114363455	1.66491802111e-06	24.7080119418	0.00888671216409	5972.67566861	242.074828283	5920.77610643	21.3473807252	202156.076284	23244.6259179	21508.6911861	1182.01725043
12.0	1.0	0.08964	-9.27776791792	0.000298379223361	0.359513095662	0.00105894528976	-8.91825482226	0.00135529765662	440.480119834	0.0300448506815	2.66444243096	0.00177064856359	7.3068673038	0.146160640552	1.00113179282	1.56686385754e-06	24.7637412546	0.008547749145	4190.13512414	156.805454872	5765.30439738	14.5920245622	104606.81932	15587.167993	19942.2603825	985.19709565
12.0	1.0	0.088888	-9.26999329506	0.000458561311626	0.381475587534	0.00169217729406	-8.88851770753	0.00214930169276	439.8597268	0.0384061527558	2.67116752116	0.00196992411508	8.5886126241	0.200818990589	1.00113978633	1.61059385018e-06	24.7148287321	0.00948698170206	5567.05921456	215.164654091	5903.7030007	20.1763962929	169494.986627	15648.3348855	21389.3382112	927.395565847
