8.0	0.366	0.4	-2.11558551835	7.68468541106e-05	0.822520606187	4.05183465985e-05	-1.29306491216	0.000103138920448	11.3577915305	0.00492873373655	1.56565510905	0.000777034797895	4.90351950988	0.0064476226421	1.2027609817	0.00027537444319	3.2675408193	0.00136918817228	428.993005838	0.527707021229	1441.4550658	1.85428305026	1127.04374057	18.0957855484	5337.4071784	120.946365784
8.0	0.358	0.4	-2.00659311898	8.41946586794e-05	0.836699410366	4.04389720723e-05	-1.16989370862	0.000111669200435	9.08071177977	0.00426482800344	1.51765543007	0.000755585992396	5.13971569892	0.00620092753423	1.26216696937	0.000338726140425	2.91670443351	0.0012855550262	449.841242318	0.530742718613	1500.25069476	1.909657655	1230.74165818	20.1664100106	5821.46562147	128.400091686
8.0	0.372	0.4	-2.19571407662	8.35321152474e-05	0.812482622905	3.62641316858e-05	-1.38323145372	0.000108273325531	13.1366131547	0.00537290583139	1.59458568958	0.000823718031612	4.75810469658	0.00587714827799	1.17020446138	0.000212825496279	3.51517915592	0.00142576992821	415.585654706	0.485955777673	1403.13526369	1.83225629499	1075.24798959	18.3996185586	5001.76742697	118.695493971
8.0	0.364	0.4	-2.0887348048	7.77027238457e-05	0.825848537942	3.72430150325e-05	-1.26288626686	0.000102392274858	10.7822464271	0.00473454106136	1.55582664947	0.000785162154058	4.96149745931	0.00615769143918	1.21555010366	0.000286335769018	3.18175214565	0.00137698533646	432.683185694	0.516924217777	1456.72808781	1.77912791803	1086.49805096	19.2615474485	5701.42938566	117.477165277
8.0	0.324	0.4	-1.52614574316	8.46817258433e-05	0.907550862855	4.2363067601e-05	-0.618594880302	0.000113760039482	2.20486480475	0.00193263113371	1.15551811732	0.000586038788807	5.0146733238	0.00642590142337	1.7329608179	0.00109554321644	1.24509205569	0.00131413245549	513.922214994	0.610173774873	1417.92149756	1.77044068943	1030.88170516	24.7765168884	-4823.1716671	106.439489359
8.0	0.338	0.4	-1.72236817542	9.68417222661e-05	0.877837623284	4.63888585087e-05	-0.844530552138	0.000131239404535	4.20591615892	0.00308717918478	1.33695444742	0.000680591012113	5.64409319687	0.00718030844797	1.5371508053	0.000744710092116	1.91396686435	0.00123187162158	504.045551597	0.607627927994	1621.22722193	2.11835968722	1332.78718454	25.7265151137	2282.14816046	136.28428494
8.0	0.354	0.4	-1.95096408962	8.6416869933e-05	0.844335542224	3.85961168269e-05	-1.1066285474	0.000114375492101	7.98118207943	0.00443829056778	1.49033524499	0.000745124186258	5.25884886679	0.00729555691197	1.30077803862	0.000388274829659	2.72671054825	0.00134164670601	459.426878466	0.557217099027	1530.44653059	2.15370023004	1285.91268289	20.5193074816	5993.28845954	127.877433846
8.0	0.362	0.4	-2.0613028138	7.94182367197e-05	0.829506556762	3.78429282058e-05	-1.23179625704	0.000104837688379	10.1993799176	0.00459389632685	1.54292498027	0.000793742585962	5.00823365817	0.00604124072521	1.22973925465	0.00028759256559	3.09476712524	0.00134186333309	438.331853274	0.542480031408	1466.81867111	1.8627606044	1128.58584777	19.7414565981	5429.29719687	121.814977737
8.0	0.346	0.4	-1.83788512227	9.29961247224e-05	0.860484155366	4.51454755494e-05	-0.977400966908	0.000126538262807	5.94736169004	0.00372561241828	1.42202863027	0.000688033292304	5.52405002828	0.00712931799802	1.40330278843	0.000522476744023	2.33078088518	0.00123531861715	482.74734955	0.602106019455	1598.0592032	2.04594007716	1321.70773184	22.6963604216	5519.40899611	143.714541602
8.0	0.374	0.4	-2.22234403194	7.79517240839e-05	0.809243340165	3.75649348521e-05	-1.41310069178	0.000101983679892	13.7397471807	0.00521247066769	1.60263670852	0.00078901308219	4.71822618716	0.00626084238985	1.16115766524	0.000206200840302	3.59559239493	0.00134060661911	410.815235642	0.489133035287	1394.14570418	1.87549073591	1026.47373256	17.1553848315	4820.90277529	116.51794572
8.0	0.328	0.4	-1.58026382645	8.7251317624e-05	0.89955718191	4.62360805574e-05	-0.680706644535	0.000121127197553	2.63183642124	0.00217434377123	1.20809832389	0.000612864337571	5.29650342488	0.00702337045443	1.69570767456	0.00103459948557	1.41838541234	0.00129420749784	515.218210506	0.641964136472	1505.71394716	1.86248886642	1121.74209481	25.7628631854	-3494.79809976	124.453622149
8.0	0.334	0.4	-1.66450540181	9.38316024204e-05	0.886745797983	4.65562079072e-05	-0.77775960383	0.00013003824348	3.48310355222	0.00283213992499	1.28596121162	0.000673701680258	5.57436436277	0.00702251051982	1.60809618027	0.000824451954571	1.70783341203	0.00120677672863	510.67743299	0.674823870104	1594.12226707	1.86297274231	1260.18827489	23.9580241155	-141.156352758	146.126623987
8.0	0.336	0.4	-1.69347785919	0.000100916310946	0.88227231777	4.77736872e-05	-0.811205541418	0.000138056292441	3.8307088385	0.0032810580171	1.31246969313	0.000642393332302	5.6270351621	0.00748286667477	1.57516506146	0.00079657380805	1.80981501601	0.00135465068579	507.820659424	0.654286809877	1611.8161184	2.10231546657	1258.96369642	24.8671842133	1018.04748535	127.25121275
8.0	0.352	0.4	-1.92283203309	9.45017917894e-05	0.8483236999	4.28314822222e-05	-1.07450833319	0.000125344560875	7.44466524981	0.00456687086443	1.47379025212	0.000734516909704	5.34155535996	0.0076304679878	1.32379356202	0.000427119572906	2.62985312068	0.00138440719968	465.604628108	0.589857833394	1553.17871887	2.08971659704	1256.72650662	23.0192729295	5950.22692823	138.212415384
8.0	0.33	0.4	-1.60790210334	8.56845786226e-05	0.89534487101	4.65893650669e-05	-0.712557232326	0.000121875355664	2.88401838156	0.00226566119044	1.23506948652	0.000664560283557	5.40777689584	0.00682015236099	1.67126612001	0.00104841871357	1.50969162442	0.00128787175663	514.195439296	0.630061244255	1539.42077268	1.97656699537	1174.58314002	26.4475600975	-2485.93734002	125.31340438
8.0	0.322	0.4	-1.50005239898	7.76840342725e-05	0.911300682661	4.36082416532e-05	-0.588751716323	0.000109762508124	2.03093488722	0.00166078093361	1.13182298357	0.000503210020831	4.85469372334	0.00611224065538	1.74297601556	0.00113599867083	1.16452271197	0.00118985249888	511.285802732	0.592761639832	1370.39788036	1.6989272159	1055.07858309	24.2622200771	-4979.06554019	107.258726018
8.0	0.36	0.4	-2.03411961032	8.10807028418e-05	0.833034749503	3.8110281906e-05	-1.20108486081	0.000107879155519	9.63005421189	0.00484382345645	1.53140897461	0.00070529203872	5.06597427837	0.00674715683685	1.24464805053	0.000319882834026	3.00462957203	0.00136313362915	442.494268458	0.541200941299	1482.51298516	1.86752349094	1162.78251767	19.6186587249	5512.38778162	112.523844214
8.0	0.35	0.4	-1.89487247192	8.99169807472e-05	0.852216327325	4.25585797167e-05	-1.04265614459	0.000119947361502	6.93618449372	0.004136938634	1.45872778535	0.000685069864995	5.39378078479	0.00661886114454	1.34774866417	0.000485387791177	2.5318192231	0.00124227861163	470.549256006	0.578975947858	1567.37085792	1.94045405725	1336.82115039	22.2003488124	6104.82590008	133.968611022
8.0	0.38	0.4	-2.30099580396	8.16921385272e-05	0.799917828387	3.78507397061e-05	-1.50107797557	0.000107342581057	15.5709913518	0.00580796356762	1.62647993612	0.000796193357075	4.60015105522	0.00593916365021	1.13798518974	0.000168903289142	3.82567118361	0.00138400185531	399.165573356	0.48225420441	1364.58227799	1.78404057476	949.313585311	15.898646042	4478.7656188	115.603442291
8.0	0.368	0.4	-2.14237807658	8.21743343143e-05	0.819073882994	3.80215701293e-05	-1.32330419359	0.000106235278716	11.9376761825	0.00531699187025	1.57655487558	0.000808159379012	4.85651017366	0.0064569395666	1.19105941034	0.000262641521035	3.3494937903	0.00143776761677	424.477088636	0.519056407773	1428.44558508	1.84556009128	1090.8367579	18.7035419004	5329.69252872	115.831697679
8.0	0.34	0.4	-1.75112477224	9.79596470992e-05	0.873562946134	4.56353862014e-05	-0.87756182611	0.000131545319611	4.59999618085	0.00334176930314	1.35941007983	0.000671347274868	5.64046076541	0.00783398132905	1.50297116681	0.000682621220597	2.01728325388	0.0012082702738	499.13022843	0.647204536733	1622.76065563	2.21050220169	1334.81455821	24.1597215285	3255.83912992	131.065371932
8.0	0.37	0.4	-2.16908186898	7.41099166272e-05	0.81579408333	3.64549478146e-05	-1.35328778565	9.78800486543e-05	12.5265297862	0.00544473220949	1.58597842442	0.000804421901479	4.79904529211	0.00602413287251	1.18057340801	0.000229899900706	3.43163675671	0.00141872842641	418.669802002	0.507874200755	1414.4030188	1.76290064879	1026.52739453	18.312235701	5055.10849047	113.505371157
8.0	0.326	0.4	-1.55294022728	9.2999018772e-05	0.90361915317	4.35545081869e-05	-0.649321074115	0.000123598434364	2.40418295812	0.00204668270841	1.18264382961	0.000588234643812	5.15734160968	0.00682362870905	1.71620887382	0.00105501852452	1.32787455853	0.00130180588578	514.473581115	0.587132056056	1461.32792324	1.92049395878	1078.57113594	25.9412862911	-4145.05009639	115.123818168
8.0	0.344	0.4	-1.8091254699	9.35326289268e-05	0.86470260376	4.62183178835e-05	-0.944422866141	0.000128591253096	5.47848255274	0.00379375762613	1.40242999513	0.000677870191515	5.58087110451	0.00693092588625	1.43413550931	0.000528352776183	2.22745857209	0.001236517329	490.050051155	0.588399170911	1610.11571489	2.11057709885	1372.72734508	23.9099924831	5025.6385057	146.101140922
8.0	0.342	0.4	-1.78024098741	9.84737312932e-05	0.869099284874	5.16398045988e-05	-0.911141702535	0.000137619249906	5.03082832645	0.00356705137814	1.38211938794	0.000692849105662	5.61130195402	0.0075350889933	1.468094328	0.000665421001586	2.12288845142	0.00124405143863	494.681852316	0.615160842868	1616.09702282	2.13907463495	1407.38210592	22.9517124559	4342.14524746	131.831752338
8.0	0.356	0.4	-1.97881887702	7.95616923856e-05	0.840443376088	3.73257050132e-05	-1.13837550093	0.000103490175495	8.51980893707	0.00403536070607	1.50449067251	0.000702899708853	5.20383443463	0.00734732446583	1.28046511313	0.000355321297223	2.82136505683	0.0011471803151	454.316889405	0.551685820629	1516.11425394	2.23572484307	1267.26867604	22.1673217563	6085.91003799	142.088378864
8.0	0.332	0.4	-1.63631290377	8.87975175567e-05	0.891094396061	4.28815687064e-05	-0.745218507711	0.000119589367869	3.17380723989	0.00257144790691	1.26147294852	0.000618952271093	5.51513169125	0.00759227493851	1.63954910445	0.000942385695314	1.608693397	0.0012391480338	513.798869729	0.631602101989	1573.45603941	2.14668278711	1203.88611123	24.2074444115	-1238.62010312	134.260715196
8.0	0.378	0.4	-2.27484306713	8.03926687817e-05	0.803028955719	3.43778047553e-05	-1.47181411141	0.000103362861498	14.9516410492	0.00581502517662	1.61818283277	0.000798037599546	4.62843310363	0.00576665546809	1.14535941777	0.000186423258384	3.75048947616	0.00140984936374	403.311807572	0.494833462657	1370.54773945	1.68791772556	967.183709085	18.1807834844	4527.19301748	111.488303505
8.0	0.376	0.4	-2.24852133242	7.70472049135e-05	0.806120364548	3.86556114934e-05	-1.44240096787	0.000103470112689	14.3451848191	0.00525357734057	1.61039297795	0.000828762750213	4.67497793765	0.00597808607955	1.15305943038	0.000212611627849	3.67417920581	0.00140066996531	407.257668291	0.497188009173	1382.29880783	1.73442922097	1002.76248407	17.9936243137	4641.74441147	116.738207907
8.0	0.32	0.4	-1.4742895795	7.30235618574e-05	0.91486254066	4.11147945196e-05	-0.559427038836	9.90015704453e-05	1.88072983541	0.00144711615597	1.10668148478	0.000545997758261	4.70468386883	0.00650254807696	1.74784507798	0.00121906480471	1.0927053426	0.00115387444178	511.29435998	0.649401512298	1323.27889415	1.77667320017	1011.18197539	22.5279847209	-5137.58557141	100.394359766
8.0	0.348	0.4	-1.86642490199	9.14279540954e-05	0.856322141707	4.20696082588e-05	-1.01010276028	0.000121159636501	6.43170205502	0.00423512131564	1.4414328406	0.000707749543895	5.47067368504	0.00712212045292	1.37390155025	0.000506319582742	2.43105690806	0.00128375000147	477.914474966	0.61695416829	1585.50320501	2.03047913238	1314.55571944	21.380713821	6071.36250925	148.256843694
