16.0	0.73	0.0	-5.349121120726413	0.0001115654864493957	0.0	0.0	-5.349121120726413	0.0001115654864493957	271.3846272588432	0.13016980432522196	7.810549674987664	0.011556567636671254	6.449009566771565	0.021215846642595158	1.0328005215772096	0.00011839251082849161	14.88829025473765	0.012946841341508048
16.0	0.682	0.0	-4.6017571569164115	8.512021182905718e-05	0.0	0.0	-4.6017571569164115	8.512021182905718e-05	20.115620526046204	0.04239664512004496	7.95371081189322	0.010511921874671105	4.345232497449615	0.013764800196394677	1.695075521665684	0.0025540813847032703	3.1692045301182663	0.006683289952236547
16.0	0.662	0.0	-4.347959134432126	7.496525247430969e-05	0.0	0.0	-4.347959134432126	7.496525247430969e-05	10.214730004701154	0.01993609895703446	5.9840162389337195	0.00778682600973895	3.7981470234080916	0.013029220948000478	1.7124172164529008	0.0028708414239026637	2.1549873187382045	0.006173737789575163
16.0	0.65	0.0	-4.20274325225966	7.27936228785284e-05	0.0	0.0	-4.20274325225966	7.27936228785284e-05	7.693877342989821	0.014865227388944599	5.087679540614391	0.006967813889303959	3.564902053010883	0.011553847148419472	1.7045704987902999	0.002978562932623394	1.8343326303603054	0.006609102299489113
16.0	0.678	0.0	-4.54944376913111	7.889432986855273e-05	0.0	0.0	-4.54944376913111	7.889432986855273e-05	16.986168220710876	0.03314524698152613	7.50685174554646	0.010377036237748256	4.220286337120342	0.013507992489421661	1.7013947895406392	0.002645852104983449	2.8800091707570084	0.0064795355859564915
16.0	0.722	0.0	-5.2175260731267405	0.00012439777816915595	0.0	0.0	-5.2175260731267405	0.00012439777816915595	215.39694653013555	0.14918769146344746	8.32160629390518	0.011773832943940485	6.82311138958903	0.02409900739828564	1.060480235739491	0.0002669124182143194	12.784827954867596	0.011695697474786998
16.0	0.738	0.0	-5.477617959405251	0.00010574060535539403	0.0	0.0	-5.477617959405251	0.00010574060535539403	320.8445578885252	0.12112870836563158	7.434900385888922	0.01066289476274286	6.218743497534888	0.020634498684386104	1.0210990307341496	7.872632357591738e-05	16.639983415248672	0.013435548018883667
16.0	0.694	0.0	-4.7654684610975435	9.404530707709085e-05	0.0	0.0	-4.7654684610975435	9.404530707709085e-05	38.2098986337468	0.08252843498497325	9.243912602146125	0.012001757031365952	5.122131492607878	0.01651090250907295	1.581369128348257	0.0019977395880060368	4.536809271943904	0.00800227905639014
16.0	0.718	0.0	-5.1503480986073855	0.0001258782081048913	0.0	0.0	-5.1503480986073855	0.0001258782081048913	184.4349107605881	0.15996018926345926	8.667656114281234	0.012408378377019249	6.952774973557098	0.02413759065876068	1.0875730948398716	0.0003697633970396963	11.541238802426781	0.01143899168175107
16.0	0.654	0.0	-4.25052463443408	6.554009762445487e-05	0.0	0.0	-4.25052463443408	6.554009762445487e-05	8.386695575333704	0.015235599695442664	5.362798027700925	0.007498056084958941	3.632183522931882	0.01090637435906107	1.7080764750544828	0.0031103321666345564	1.9245185196303245	0.006093190453593819
16.0	0.714	0.0	-5.082607755887251	0.00012997326845932473	0.0	0.0	-5.082607755887251	0.00012997326845932473	152.36064932548788	0.1737363523575359	9.049500760546948	0.012922259704954302	7.050143563435995	0.025653340392035685	1.1327134811635284	0.000596559026602172	10.199102505476315	0.011672858219461473
16.0	0.742	0.0	-5.540777166169608	0.00010642577488200094	0.0	0.0	-5.540777166169608	0.00010642577488200094	343.5411945979681	0.11664099711114388	7.328815939810635	0.011116450142362098	6.140227763477014	0.020425093464593973	1.0174983433757179	6.354268011807859e-05	17.35898072912039	0.014502946800854951
16.0	0.666	0.0	-4.397461548613007	7.197314537630043e-05	0.0	0.0	-4.397461548613007	7.197314537630043e-05	11.367869879858256	0.0211900635461819	6.31289914195257	0.008798641200831797	3.8825003995734733	0.01255799001586174	1.7105045851307161	0.0029495446699550486	2.2933966631064426	0.0061545746480339645
16.0	0.674	0.0	-4.498221556901628	7.924185897179202e-05	0.0	0.0	-4.498221556901628	7.924185897179202e-05	14.67665200842553	0.03032867544284501	7.07309202003257	0.008988547600259146	4.093813090934418	0.012607629071385794	1.7095320547087143	0.0028136966294919326	2.6572848591120186	0.006408702897055616
16.0	0.746	0.0	-5.6034817297308015	0.00010048826946519368	0.0	0.0	-5.6034817297308015	0.00010048826946519368	365.3092675693081	0.11712151336043695	7.1830189996631075	0.010511123806755538	6.025211093001417	0.01988892222715548	1.0148593762580507	4.872036457256004e-05	18.096677540396687	0.01460056863096808
16.0	0.686	0.0	-4.654886550343675	7.833055010097873e-05	0.0	0.0	-4.654886550343675	7.833055010097873e-05	24.24150189975574	0.048464150567980445	8.38231040841792	0.01098329497333546	4.589334170581424	0.013880873936442122	1.671118644850855	0.002491225643104555	3.52527442755728	0.006643550969984111
16.0	0.75	0.0	-5.665238320295981	0.00010327240493152197	0.0	0.0	-5.665238320295981	0.00010327240493152197	385.8201166666334	0.107548291695498	7.0687971183101865	0.010529595221537482	5.917776981048519	0.018364289648776615	1.0128047864169059	4.1656246089965025e-05	18.760248961670953	0.015104839462334681
16.0	0.67	0.0	-4.447396097639515	7.157795696536044e-05	0.0	0.0	-4.447396097639515	7.157795696536044e-05	12.833307757888509	0.024260880333947927	6.676855120302541	0.008606089385783923	3.9945396062830696	0.013326864686109953	1.7088906196738654	0.002939537640601232	2.4610111071991443	0.0060486825227077145
16.0	0.71	0.0	-5.0147036240428395	0.00013093811018894438	0.0	0.0	-5.0147036240428395	0.00013093811018894438	119.89057548583527	0.17546515520995334	9.436700336576324	0.013308229342431498	6.968284615475568	0.0243165153550364	1.2050344317057462	0.0009273401764851594	8.768285359400592	0.01163661888691868
16.0	0.706	0.0	-4.948055678800501	0.00012235738981245735	0.0	0.0	-4.948055678800501	0.00012235738981245735	90.3314045060205	0.16370957525593127	9.67499446619842	0.013187492459460342	6.586143085165531	0.022857408313392388	1.3030707999409545	0.0012414590233967853	7.399942754983177	0.010885090750407804
16.0	0.69	0.0	-4.709486359248954	8.800784752098538e-05	0.0	0.0	-4.709486359248954	8.800784752098538e-05	30.042554224172893	0.0639332527867023	8.832060698259603	0.012023798767326451	4.805320783765637	0.01467435212089575	1.63622910214969	0.0024235082076876045	3.9717201764629992	0.007532427798544838
16.0	0.698	0.0	-4.823568838703161	0.00010312638823406442	0.0	0.0	-4.823568838703161	0.00010312638823406442	50.06042012609403	0.10253794897585698	9.546949447619253	0.013128055748825942	5.519255356455687	0.0181132967542452	1.507196434339756	0.0017534066295398583	5.279608168226995	0.008969899563069764
16.0	0.658	0.0	-4.2989433732376385	7.290313277845409e-05	0.0	0.0	-4.2989433732376385	7.290313277845409e-05	9.208937221637777	0.01741577526436532	5.642283769155911	0.007653035391906256	3.697345988577581	0.01190470857429829	1.7144933107880274	0.0029544525006663432	2.0376860556742558	0.00619428192352872
16.0	0.734	0.0	-5.413678996837887	0.00010852884690852159	0.0	0.0	-5.413678996837887	0.00010852884690852159	296.9945511990614	0.1253696914057859	7.6234828013425355	0.011666819968392026	6.357931332910084	0.02153598377753889	1.0259463552072319	9.376094100923346e-05	15.790108717710519	0.01377362764269466
16.0	0.702	0.0	-4.884411596466534	0.00012221966929806732	0.0	0.0	-4.884411596466534	0.00012221966929806732	67.32912245405254	0.13664368163517132	9.727540973916009	0.013256841450096651	6.039599658543011	0.0206972326476322	1.4095501408481497	0.0015642209712935767	6.236629548767059	0.009854131981370409
16.0	0.726	0.0	-5.28386192545756	0.00011816346852636876	0.0	0.0	-5.28386192545756	0.00011816346852636876	244.57727692968444	0.13871846394441978	8.016984172444836	0.011814244748193542	6.653131183615187	0.022896871620149764	1.0434600062437898	0.0001669787042935175	13.921937833841211	0.012458538058908456
