8.0	0.517	0.25	-4.6094738596	0.000679468827657	0.0180969520369	0.000163360857456	-4.59137690756	0.000724644937481	83.2606530591	0.0814424129008	1.47849513827	0.0120111054838	2.0378182498	0.0321049265515	1.0075434507	0.000114978749048	9.71739096404	0.0414917284744	48.489267743	0.737209200943	907.139839207	14.1903419303	246.665256192	12.2008992382	1438.62691116	635.146653055
8.0	0.44	0.25	-3.65234129429	0.000839737327783	0.0364145137207	0.000221220866744	-3.61592678057	0.000931483690615	62.9333892259	0.0854373560094	1.52226973227	0.011604623477	2.31531509906	0.0326569090482	1.01258594833	0.000194415312596	8.2986613974	0.0343801934624	101.018335667	1.6154456589	931.104142097	13.3958018268	620.039232566	43.1598992203	1241.4027977	725.343832816
8.0	0.22	0.25	-0.644685972838	0.000470678670551	0.722197807028	0.000924737913901	0.0775118341898	0.00114944719658	0.671640790518	0.00578688111641	0.639998998236	0.00352105638661	3.45773249741	0.0513184333561	1.67626372881	0.0137467319839	0.290516788251	0.0310298348926	1124.64218008	17.5395909821	423.176640758	6.61783776579	-631.202958941	1081.82693294	-468.750040516	251.247834118
8.0	0.286	0.25	-1.52219226583	0.00509661651839	0.291718775918	0.00512602292846	-1.23047348991	0.010189376317	8.50707428474	0.157918757557	1.26626481655	0.00790029341473	22.9640887415	1.83838889009	1.30432261557	0.0161445918723	3.12436406139	0.0334316852598	3066.96040671	251.329531228	3427.54339706	223.016707868	182533.203635	22247.3630295	143202.746238	15103.6903184
8.0	0.385	0.25	-2.95415604699	0.000838140409973	0.0626161929828	0.000322402382083	-2.891539854	0.00104239446964	45.7122426562	0.0887124586087	1.5320202203	0.0121229294141	2.95484150582	0.0449701672673	1.02251526709	0.000329249752034	7.01636291016	0.0317822959757	182.181102187	3.1477169359	1050.32561599	15.8982856123	1048.40016884	82.6204659745	2488.82734108	846.022881953
8.0	0.231	0.25	-0.722443217012	0.000508937726783	0.709105267031	0.000835481836003	-0.0133379499808	0.00111592574443	0.71006126747	0.00658878693885	0.665754334446	0.003521890171	3.9247719577	0.056752347651	1.67336189203	0.0146880714807	0.337061529207	0.0277868098709	1179.0963335	17.97731495	506.983355425	7.26125795066	-918.501060292	1083.84438171	-799.465366632	279.661387254
8.0	0.308	0.25	-1.91128574798	0.00107092889842	0.164563016525	0.000569347813863	-1.74672273145	0.00151760732398	18.2368732126	0.0667967678307	1.40026650551	0.00874036713333	5.69277357279	0.105473969327	1.08420976504	0.00130789253586	4.53056407611	0.0184684152393	626.262971528	11.7998838021	1400.11085404	22.7959870686	7330.64356877	712.595621407	10523.2873168	1648.25190034
8.0	0.55	0.25	-5.01454546469	0.000740388179465	0.0133147560242	0.000132890055601	-5.00123070867	0.000785414206312	90.834952224	0.0854735337963	1.45759267525	0.0120545601162	1.95830856565	0.0329238099417	1.00606784076	9.40780470832e-05	10.2311868293	0.0447921552775	35.0686289834	0.580625071061	898.550558068	14.6004806054	187.806249345	8.73799976557	1720.13759232	747.937653165
8.0	0.297	0.25	-1.74254870852	0.00127018045521	0.201726639217	0.000955928059707	-1.5408220693	0.00210605724852	14.0308849253	0.0708447260765	1.34305555566	0.00914097466827	7.42846496251	0.216536033652	1.12606389645	0.0024086266107	4.01584571843	0.0193003087814	898.732259248	22.7487885797	1615.38403287	37.232959013	12591.1859873	1758.78268082	12747.9158385	2387.00919034
8.0	0.242	0.25	-0.806559279247	0.000561661832747	0.691357970576	0.000926306077169	-0.115201308671	0.00127222424446	0.758258472541	0.00575216552948	0.703530795344	0.00391552644029	4.42308152201	0.066378003751	1.65720424118	0.0115741663812	0.364411685947	0.0236965436622	1220.28572796	19.1609205706	585.946911556	9.60201528663	-386.124453336	1124.47246247	-980.736599118	382.216959594
8.0	0.539	0.25	-4.87932387999	0.000642797878829	0.0147888782527	0.000133546984546	-4.86453500174	0.000687006957794	88.3899774083	0.0781993244976	1.46982600284	0.011905289452	1.92774441036	0.0315217565303	1.00651132561	0.000114045600711	10.0474908114	0.0430740480081	38.2550032399	0.691119912531	881.838202785	14.3853759901	198.115309133	11.4934243474	2605.2181282	762.989209054
8.0	0.33	0.25	-2.2262351952	0.00100291211858	0.118776341029	0.000466648605843	-2.10745885417	0.00135675111565	26.5824387723	0.0792147408478	1.45794156785	0.00994888291588	4.14781890868	0.066277162758	1.04878107286	0.000717956816395	5.42386628382	0.022706491477	395.820560592	6.18888847433	1184.90149102	18.1485044556	2751.31430381	243.358145364	4194.75358486	1241.50188947
8.0	0.363	0.25	-2.67102263544	0.000910302841716	0.0785332861049	0.000327519424712	-2.59248934933	0.00111496351808	38.4007805071	0.084822532141	1.51745156736	0.0105532628776	3.0979991995	0.043076859747	1.02970207774	0.000411021066455	6.44151437608	0.0260013194893	232.323295852	4.10654852075	1049.56121613	15.2441749783	1412.82600597	128.108701626	2337.86564159	870.809715547
8.0	0.396	0.25	-3.09599268207	0.000703535646991	0.055604875707	0.000290047257698	-3.04038780636	0.000870770356656	49.4984501014	0.0849082302296	1.54468837728	0.0107741771746	2.7538710216	0.0412072858133	1.01987470909	0.000302690991442	7.27983011989	0.027336353118	162.671000469	2.74094763791	1006.98385802	16.0465186429	973.848720607	79.9253142335	3005.18566608	829.563434
8.0	0.275	0.25	-1.14908106235	0.00361185217144	0.573958297999	0.00439198282984	-0.575122764349	0.00796993082166	1.55616022713	0.0623112763098	0.941612914517	0.00726996055102	16.512732627	1.52613934411	2.19829404494	0.0586405779077	1.05553296826	0.0497410662792	2821.52034284	222.92486434	2102.02538186	173.803758934	-128945.150778	20303.3243622	-98528.2480944	16054.2810813
8.0	0.352	0.25	-2.52306063558	0.000826411395656	0.0896622931509	0.000356196526811	-2.43339834243	0.00105560667584	34.5399070889	0.0747464342887	1.50862959991	0.0092545119616	3.4060585778	0.0608129346482	1.03358558286	0.000458772371699	6.11366611153	0.0228947690042	274.174076392	4.41573136098	1088.18673051	18.0214376368	1920.52850884	148.94968922	2047.91358757	916.628486772
8.0	0.253	0.25	-0.900210589216	0.000730809928517	0.670965500198	0.00115125381913	-0.229245089019	0.00165169697821	0.844814541389	0.00733259662665	0.758404318149	0.00470506188076	4.92750142347	0.0935257833674	1.69239988385	0.0145760039023	0.441024289288	0.0214277209766	1231.26992882	24.0061990227	698.161736487	12.3365018907	-4137.09819627	1085.18424961	-1549.60895491	458.442666557
8.0	0.374	0.25	-2.8119812735	0.000762722092948	0.0700398146959	0.000338080188696	-2.7419414588	0.000938736813611	42.104301172	0.0809725103204	1.52893888509	0.0117512689857	2.97309939767	0.0481396351377	1.02543946795	0.000382486391975	6.7307968656	0.0288146490052	208.606844099	3.49829813093	1030.36731434	16.318785009	1378.07570438	90.7118983462	1793.88878632	974.196249853
8.0	0.319	0.25	-2.07120036896	0.000971834712514	0.138168036092	0.00059558891009	-1.93303233287	0.00140694269053	22.4997568944	0.0689229524727	1.43785039426	0.00905094708174	4.82475378528	0.0874389693011	1.0633014025	0.00084373608933	5.00060249889	0.0202580332672	487.867923419	8.5832043842	1294.09221324	20.0575448977	4177.52436684	396.669880176	6179.75024319	1270.08749641
8.0	0.341	0.25	-2.37639477797	0.000925013250522	0.102763935972	0.000444689979417	-2.273630842	0.00121934264586	30.6762677574	0.0813858492627	1.47952184324	0.008740161618	3.76087797999	0.0664593640498	1.04122895529	0.000704448541957	5.80412662081	0.0209685692286	331.565371633	5.89160143838	1136.71387506	18.9793381846	2247.36728417	212.184471141	3072.37162495	807.735686043
8.0	0.418	0.25	-3.37669075769	0.000819710828085	0.0445545813263	0.000234607327325	-3.33213617636	0.000913070640966	56.3281943024	0.0771407718206	1.5417428843	0.012179202607	2.56870114298	0.0427647191234	1.01589717098	0.000225060626569	7.78862784975	0.0337915021515	127.79822727	1.9589860875	995.37234739	17.0709957844	760.450199898	46.3743089689	2645.16264534	770.951624152
8.0	0.484	0.25	-4.20166321911	0.000718304245081	0.0243993198646	0.00016494669695	-4.17726389924	0.000799267532013	75.140156871	0.0860586176025	1.48298156897	0.0117500252986	2.14724733609	0.0326045738004	1.00907531192	0.000135232881676	9.20809936187	0.0397672241072	63.8349366024	1.04089547737	922.155660239	14.0069946925	326.267007549	18.3512099737	2514.82881546	771.681399587
8.0	0.429	0.25	-3.51437915509	0.000694663245066	0.0403667462557	0.00022289155974	-3.47401240884	0.000770854064178	59.6335742201	0.0846754032469	1.52992070907	0.0111071615379	2.48061762208	0.0381762744192	1.01443615541	0.000200357968937	8.05188572801	0.0319310524928	112.008521399	1.98635873287	988.635134427	14.4986439125	645.717764214	46.281195777	1104.38961601	723.188012
8.0	0.451	0.25	-3.79124230578	0.000604524459788	0.0322989657918	0.000138675407997	-3.75894333999	0.000648934401685	65.9717188806	0.0872908136239	1.53086968035	0.0111664533413	2.19111651306	0.0310842387444	1.01168031815	0.000189752974813	8.47699369913	0.0341166793088	88.2864290134	1.48618912638	912.093032877	12.3673202681	463.910522147	31.6201809576	2478.51254463	837.734672138
8.0	0.561	0.25	-5.14992452794	0.000519492494821	0.0124537358485	0.000105229024666	-5.13747079209	0.000549374691229	93.3016663399	0.0788922735775	1.41894279746	0.0141322666136	1.85751608297	0.0325939378753	1.00559515351	9.44632072341e-05	10.5139239116	0.0553353584629	32.3291029227	0.567367097781	854.730762394	14.4127149027	169.701278524	8.86169013736	1808.25746155	676.642309131
8.0	0.264	0.25	-1.0074475888	0.000735729898297	0.642257331233	0.00116439364643	-0.365190257569	0.00173373307866	0.96099655686	0.00820443030713	0.820047805941	0.00453072778403	6.1646070222	0.139405502403	1.68947289246	0.0133299286764	0.541678220451	0.0190268485308	1370.06738861	26.6948546068	894.598107758	18.3200001448	-6276.88250603	1552.62778452	-5454.13911229	811.918130832
8.0	0.495	0.25	-4.33762666103	0.000745623599321	0.0218949720031	0.000145976617413	-4.31573168903	0.000776589794227	77.8377593078	0.0909178100221	1.49544742849	0.012549785454	2.10166548618	0.0305533383695	1.00866413305	0.000126202947394	9.33528158637	0.0414612606678	58.8534228344	0.834726006538	921.627377034	13.7731667351	305.927668865	17.2385185729	1418.28901672	750.212912383
8.0	0.528	0.25	-4.74386625204	0.000802693376383	0.0164862874297	0.000143902692451	-4.72737996461	0.000846116986423	85.7457566432	0.0853399227745	1.47366611932	0.0108241206125	1.94449344626	0.0281836469265	1.00700025169	0.00010477644226	9.88035793611	0.0378348266333	42.9897645227	0.786394939268	880.498355964	12.6276110469	220.928357133	12.8695603967	3843.27347183	739.644609788
8.0	0.473	0.25	-4.06587561825	0.000819764410766	0.0268378061082	0.000183484104021	-4.03903781214	0.000905621384714	72.1012553149	0.0877487042415	1.52213625451	0.0108536115211	2.1640417331	0.0345216836861	1.01007734183	0.000170632565765	8.8969611744	0.0347103852105	72.3405577295	1.39249771986	916.786573099	15.1705224931	381.275062258	24.6632768078	1881.37719345	665.333914342
8.0	0.506	0.25	-4.47406029967	0.000771911892145	0.0200947544468	0.000154471423119	-4.45396554522	0.000825231718179	80.5998040967	0.0855089424613	1.50540130305	0.0128470366526	2.0328822754	0.0317266551149	1.0078191936	0.000122894968942	9.47059087196	0.0430565997051	53.630861176	0.873839408163	893.646406625	13.5275429542	308.547005413	17.0028168863	2104.30735016	755.478306591
8.0	0.407	0.25	-3.23639039546	0.000738615842124	0.0497153477769	0.000219073361063	-3.18667504768	0.000816938751964	52.815905054	0.0910937230549	1.55401417419	0.010136287206	2.63872548886	0.0412766534339	1.01760843681	0.000283865144229	7.50412685094	0.0270890871411	140.750746274	2.38185110519	997.088070712	14.6272927977	877.151486925	66.44678607	1393.1045723	798.952457415
8.0	0.462	0.25	-3.9283489174	0.000861132580981	0.0297014478366	0.00019491060707	-3.89864746956	0.000937060038484	69.0585852497	0.0914101614285	1.52423978268	0.011711247133	2.24435818126	0.0342957058314	1.01102348626	0.000151356673976	8.69693141194	0.0363469053425	80.5770886478	1.21269556569	948.326689515	14.6581789509	440.456667516	31.0974014789	1103.72031021	635.839655756
