8.0	0.6089	0.04	-4.69275833873	0.000334192914231	0.993073489162	5.11582260877e-05	-3.69968484956	0.000350105995084	52.9033893172	0.0229488753152	1.85853875394	0.00107372214371	17.9484473137	0.0606626527821	1.06440577669	0.000228344403669	6.84731805987	0.00310334191975	536.142056541	0.681860212646	8578.15092532	29.4473637182	908.097781092	27.9181465133	459698.263203	5979.24391609
8.0	0.5717	0.04	-3.50642370785	7.20459893226e-05	0.996844828926	4.26742102268e-05	-2.50957887892	8.47144062736e-05	3.70736327591	0.00249264621166	1.94921000424	0.000942922632257	5.41738273116	0.00833136454042	1.73079826699	0.00119467589091	1.24087888465	0.00118127921716	522.879797915	0.601941929766	2234.34752539	3.51453024108	980.154470652	22.4638692818	-16507.8793354	291.868423821
8.0	0.5624	0.04	-3.38270570578	9.08380370924e-05	0.996951013418	4.10112412331e-05	-2.38575469236	0.000101775600525	3.09550686192	0.00237586938764	1.82071598726	0.000911649757689	4.89678862917	0.00612511353883	1.71235834758	0.00111652889136	1.09327322967	0.00123685733791	522.063216138	0.658249926101	1972.88999322	2.6517874852	1070.66414914	31.2332855914	-8697.62622643	175.550687351
8.0	0.5655	0.04	-3.42301749092	7.95894012671e-05	0.996972575191	4.3961966308e-05	-2.42604491573	9.30876728901e-05	3.27312148979	0.00192312871861	1.86153909139	0.000936827077048	5.03928381674	0.00552831182389	1.71536267895	0.00112273199951	1.13775140532	0.000983615090552	523.094946509	0.707981207911	2044.80219542	2.46974647575	988.886571556	24.2395259063	-10671.9844475	220.161492982
8.0	0.5903	0.04	-3.81180118792	0.000230525277196	0.996095269597	4.37059621654e-05	-2.81570591832	0.000238820206351	7.81495005322	0.0128959756099	2.25960047025	0.00115921796084	11.191660785	0.0346148272631	1.9788949743	0.00213787115419	2.04866152904	0.00249286090119	525.384176222	0.602270646244	5166.30941747	17.0815788787	996.299282461	23.7263518646	-359541.463465	3703.72853571
8.0	0.581	0.04	-3.6413869645	0.000104132525087	0.996550739846	4.11272080594e-05	-2.64483622465	0.000116327496567	4.77371482915	0.00409716427877	2.09834812687	0.000979449365472	6.45473187049	0.0103121072129	1.78528393797	0.00138947650876	1.47530981508	0.00131710682287	523.160858012	0.514089731114	2763.36104506	4.50136933375	958.502441794	24.807893183	-48556.7555103	537.406257474
8.0	0.6182	0.04	-4.96239696072	0.00019452778553	0.992281658455	6.01866087764e-05	-3.97011530226	0.000210351183832	64.6590974436	0.0133301930811	1.72025137286	0.000987002862434	11.8608228874	0.0172102879556	1.02867590721	4.75827277728e-05	7.90303263472	0.00263011127255	538.672535371	0.69200348017	5490.34247682	8.17703164621	902.759265691	25.5236757129	107916.496902	1214.15810489
8.0	0.6027	0.04	-4.40631685139	0.000757896770969	0.994119372511	5.37889335832e-05	-3.41219747888	0.000777258432376	37.576000544	0.0516064777369	2.06878429658	0.00117395840414	33.1599455982	0.0961371897255	1.22423584811	0.00107033007157	5.41291304924	0.00507463440302	531.629163926	0.70919191563	16308.1266615	47.0760470198	905.082168847	27.7510333124	854459.308121	4305.94672076
8.0	0.5562	0.04	-3.30444200112	8.4413436261e-05	0.99718939178	4.00962872747e-05	-2.30725260934	0.000102557331382	2.80990359664	0.00193900320422	1.74256074565	0.000835498677554	4.64669109746	0.00569567616213	1.70451933093	0.00120777598995	1.02255894766	0.00111483347697	522.034674555	0.642881457751	1847.37735936	2.31268808947	1033.35894889	25.8020374146	-6600.82253075	188.209741557
8.0	0.6244	0.04	-5.11154538718	0.000194660358449	0.991891571479	5.88903130669e-05	-4.1196538157	0.000207301063623	70.276746202	0.0137909826992	1.6650270293	0.000853004999349	10.3731167647	0.0157736975857	1.02128576213	3.40033554842e-05	8.38723575007	0.00258285986932	541.100191924	0.748332616787	4728.84182668	7.32451828256	964.20701009	28.6203256422	69801.9848709	838.084574452
8.0	0.6399	0.04	-5.43927068734	0.000155672045491	0.991200386748	6.88073012797e-05	-4.44807030059	0.000188408371073	81.1038662771	0.0113484939175	1.57250549848	0.000889004838207	8.28731769547	0.0113301787567	1.01288564248	1.8618392905e-05	9.29187725241	0.00276990424276	540.293500821	0.692286146138	3676.53599448	4.43512296745	898.651356757	29.5156944847	38030.8085098	552.477070296
8.0	0.6058	0.04	-4.5698416975	0.000498395892482	0.993467835831	4.95906004158e-05	-3.57637386167	0.000512181902257	46.6315810494	0.0332180360234	1.94492492524	0.00107302296809	24.1002855595	0.0839171120617	1.10993758105	0.000493484708135	6.26279003179	0.00360733910796	532.335171595	0.577920614296	11714.2642816	41.4742868487	937.72876516	23.2241607833	842377.477188	7314.317048
8.0	0.55	0.04	-3.22850098895	7.51794648518e-05	0.997300351721	4.63664371278e-05	-2.23120063723	9.01998545284e-05	2.5750285163	0.00205137056596	1.67283173043	0.000831245960483	4.44754461329	0.00559196454396	1.69994287496	0.0010449074787	0.959521814399	0.00131864200186	522.289266815	0.603010368204	1743.80038106	2.34427510859	978.84781158	25.147633476	-4818.2632885	151.253192413
8.0	0.6368	0.04	-5.37732075052	0.000136994249028	0.99130259941	6.1806798802e-05	-4.38601815111	0.000162237111733	79.2098127281	0.00909845915901	1.58638841521	0.000869349977517	8.58805039723	0.011656734547	1.01396034816	2.00623239282e-05	9.13949032906	0.00262358194115	542.45655649	0.696846855107	3828.69020835	4.78495478406	899.243901104	24.5561634845	42399.9142761	580.892514938
8.0	0.6461	0.04	-5.55893180207	0.000135387414832	0.990880476772	5.97187188891e-05	-4.5680513253	0.000153501720554	84.6462201189	0.00930354424714	1.54435596213	0.000835755667328	7.7709667086	0.0113609340253	1.01109940932	1.59897908377e-05	9.58433581892	0.00282308387509	542.38376057	0.758198929709	3406.85465932	4.66822695656	896.742946118	33.9727753268	32363.8170853	483.419486844
8.0	0.5593	0.04	-3.34337294923	8.10139782561e-05	0.997017024394	3.59082922284e-05	-2.34635592484	9.1607742732e-05	2.94514599745	0.00192106327646	1.78112941133	0.000914010758936	4.77018853619	0.00593294484951	1.70789450376	0.00120598304776	1.05623897913	0.00111830699668	521.729091399	0.620844880526	1907.72766614	2.45115090617	978.888320982	27.6076717883	-7482.37373543	203.278106742
8.0	0.6151	0.04	-4.88136251983	0.000189978367151	0.992565311913	5.71598229361e-05	-3.88879720791	0.000214631748599	61.3673332553	0.0145297448043	1.75731094343	0.000938214558816	12.9066289041	0.0220819910574	1.03475334898	5.67046969759e-05	7.60966746894	0.00259112608881	537.08907565	0.653752034217	6027.07195884	10.1679259879	956.451198518	23.9110302002	147605.836472	1810.96720221
8.0	0.5748	0.04	-3.54957537523	7.85187104597e-05	0.996696115463	3.90009143674e-05	-2.55287925977	8.78997045926e-05	3.98373542171	0.00268055257265	1.99605785573	0.00102361359492	5.66886031092	0.00760443194865	1.74378986606	0.00127698254554	1.3038173298	0.00115729909191	523.584897101	0.716327851357	2365.52811493	3.32696468033	940.899496406	28.9033029273	-21652.302927	311.591435855
8.0	0.6275	0.04	-5.18146112748	0.000160068238162	0.991747648316	5.86564486449e-05	-4.18971347916	0.000186155226333	72.7442763856	0.0110382037736	1.64189903507	0.000684367835958	9.79936368647	0.0123346522583	1.01878956143	2.62423783918e-05	8.59803444972	0.00202885001094	540.773302753	0.650492077717	4442.95994597	6.15194756822	904.467485905	26.8672260021	59447.2962112	827.851369493
8.0	0.5996	0.04	-4.20708201813	0.000740342184834	0.994815064248	5.10555905153e-05	-3.21226695389	0.000749660128717	26.2538001304	0.0489584195446	2.20655803546	0.00138254356487	36.0275837852	0.0513983998968	1.46722336967	0.00167188653735	4.31325668753	0.00522787430368	529.100231927	0.645052284963	17777.6445317	24.3420352475	928.855707854	24.0504439642	-345372.373341	8349.63519146
8.0	0.5531	0.04	-3.26625008062	6.89310820593e-05	0.997280233835	3.83635033561e-05	-2.26896984678	7.69862444241e-05	2.68699725217	0.00169604219561	1.7066337065	0.000839910705746	4.53403436622	0.00553437366638	1.70192307926	0.00106670795687	0.990270316651	0.00110487889185	520.952120602	0.65745254348	1790.02021629	2.23885287953	1001.90381846	26.7810184518	-5568.93985367	181.707024751
8.0	0.5872	0.04	-3.74681485007	0.000150738499853	0.996316297331	4.27107651358e-05	-2.75049855274	0.000167885198767	6.28543811328	0.00751492507429	2.20874974575	0.00113758247269	8.50422589155	0.0199537055311	1.89874916413	0.00215584883681	1.77505103691	0.00179183123521	524.122260831	0.695832935594	3802.76054664	10.2166023687	983.076769978	23.1433355034	-165484.91128	1982.83812772
8.0	0.6337	0.04	-5.31383907552	0.000143716727186	0.991477592979	5.2786417246e-05	-4.32236148254	0.000160876299121	77.1827552175	0.0101272509569	1.60392756729	0.00111021875148	8.95844057972	0.0134794883135	1.01535203089	1.8682912623e-05	8.96887648884	0.00340662245259	541.241524989	0.677299562055	4018.70398678	6.16204125419	847.348669171	30.9332755466	47016.2472	589.388135897
8.0	0.6306	0.04	-5.24877831566	0.000157588072588	0.991552932101	5.89000991434e-05	-4.25722538356	0.000179576930885	75.0619727351	0.010516999861	1.62054876493	0.000927919361967	9.30747248505	0.0127934938225	1.01683905668	2.46135875289e-05	8.7956884133	0.00270756892048	539.914725516	0.711204089534	4199.42011473	6.08180088295	880.945444137	25.0304863083	50901.3332443	634.441232007
8.0	0.5779	0.04	-3.59435120644	9.54699104716e-05	0.996689440344	4.56445823362e-05	-2.59766176609	0.000113469880668	4.32340658947	0.00362567364064	2.04882531548	0.000911320485795	5.98420055031	0.00900417766051	1.75897877208	0.00150190766026	1.37666606653	0.00122207828632	523.695790854	0.54388022036	2525.43864787	3.90705745899	955.709313542	22.7762530404	-31427.2492256	488.389218364
8.0	0.612	0.04	-4.79364064012	0.000252361901023	0.99275514987	4.76453981306e-05	-3.80088549025	0.000272307928389	57.6100160607	0.0161962720343	1.79857159486	0.00105384928382	14.6570767736	0.0293339987516	1.04467721897	0.000101781179001	7.27826912073	0.0026872816143	536.139524042	0.735830683113	6911.34544746	14.0186188548	921.279168814	27.2573903896	235202.005798	3084.2615094
8.0	0.5934	0.04	-3.89832642499	0.000384581508184	0.995827956959	4.80007379031e-05	-2.90249846803	0.000397328497913	10.7550798015	0.0228177052924	2.29538335998	0.00134976289737	16.886877999	0.0617282242608	1.98655084262	0.00169347972663	2.50830370159	0.00355576048944	525.323128141	0.656043320506	8059.23084693	29.1262132718	1008.661327	24.8982871804	-748558.429201	5103.67858812
8.0	0.6213	0.04	-5.03885542769	0.000223841655169	0.992111282124	6.1500575898e-05	-4.04674414557	0.000253597467775	67.6009206392	0.0137797887041	1.69102218018	0.0009701313724	11.0341793774	0.0174146699376	1.02443881257	4.22089784833e-05	8.15701034362	0.00264446856646	538.538126791	0.723989295133	5067.18821419	8.19768947304	910.283614367	26.5660359269	83494.793251	1056.85479757
8.0	0.5686	0.04	-3.46425826099	8.7064967514e-05	0.996836708206	4.64149046084e-05	-2.46742155279	0.000111128745704	3.47211107133	0.00262795364776	1.90450966714	0.00102977309026	5.21868984271	0.00654401123443	1.72092707908	0.00114103773887	1.1853772146	0.00115949526849	522.021871319	0.65320442175	2132.63016191	2.85204886534	962.229770362	27.4177059173	-13152.3400631	226.895039364
8.0	0.5965	0.04	-4.02587464833	0.000552602616626	0.995430167923	4.4131552622e-05	-3.03044448041	0.000562547929341	16.5520718243	0.0355900406648	2.29004563316	0.00127160084261	27.1440540401	0.0723072254103	1.79571987896	0.00172232881035	3.26061025658	0.00452467997971	526.594778767	0.676711647596	13263.6819571	36.0737641397	945.183086812	24.9867064835	-1108591.28028	5135.6079264
8.0	0.643	0.04	-5.49957546434	0.000135093024689	0.991049073375	6.97219057672e-05	-4.50852639096	0.0001630141207	82.9179084609	0.0100362158181	1.55742159448	0.000787036105487	8.04762037265	0.0116058148021	1.01192951191	1.54696159526e-05	9.44352244942	0.00265556032095	543.564323142	0.765629728125	3544.7934173	5.04421399179	892.356942624	31.0107528507	34568.4137573	430.007437793
8.0	0.5841	0.04	-3.6913024633	0.00014523346722	0.996392248164	4.39147212942e-05	-2.69491021514	0.000159478864092	5.36715960504	0.00603041691439	2.15739813229	0.00107713427987	7.21337903316	0.0149733383926	1.8336316042	0.00218692189649	1.59368165866	0.00161886010013	523.08988683	0.689386762497	3148.56654837	7.25835905182	991.285251468	27.4562273952	-85185.6493111	1292.17112075
