10.0	0.24688	0.275	-0.922457866204	0.00015328719357	0.440561439877	0.000312252682745	-0.481896426326	0.000459158962619	1.0824142928	0.00204364815173	0.881076806052	0.000629951945452	11.6918630535	0.0726262753346	1.80671534002	0.00286461720041	0.773469294205	0.00351996762521	5330.83131786	29.6994940286	2401.27897677	10.664329245	-168768.093815	2957.10518594	-59837.1064067	1066.05749503
10.0	0.25487	0.275	-1.09500271608	0.000565237727218	0.305528170949	0.000776974961702	-0.789474545128	0.00133951296516	3.31277559093	0.0142699297292	1.15816060576	0.0012327507955	27.9890277996	0.128482631509	1.76680984807	0.00444541180442	2.20692758962	0.00589551390823	9123.22568586	45.6744803785	6600.53801089	22.1811814644	375489.639274	6664.16365162	9055.44574836	3650.36880332
10.0	0.24782	0.275	-0.935079622563	0.00018031470572	0.433201801713	0.000351799410722	-0.50187782085	0.000526968460764	1.1437545774	0.00249199057918	0.897547311187	0.000721471188668	13.0069287481	0.0779998224399	1.85553969275	0.00319945982109	0.847440856288	0.00365196596459	5740.05040198	29.9468684425	2661.78688408	12.6210311224	-196418.117703	3058.41129444	-78163.3756419	1174.05114124
10.0	0.25064	0.275	-0.983883691781	0.00033032427192	0.397384015995	0.000528142254384	-0.586499675786	0.000855234273011	1.53282303005	0.00576574403714	0.971820858913	0.000851306371574	20.1079823651	0.119937797976	2.0270417767	0.00322814707087	1.22935355957	0.00535364230592	7854.65490428	39.6247440561	4135.17921183	23.0924703047	-256733.165142	3039.19013723	-167534.35172	1645.27227293
10.0	0.24594	0.275	-0.910042708106	0.000143402446426	0.447822434087	0.000308581793268	-0.462220274019	0.00044586170459	1.03071322609	0.00153898546628	0.864761472676	0.000632622188581	10.4723161798	0.0581599489822	1.76195812371	0.00220189683032	0.70881091516	0.00296533502074	4916.80773171	24.9011228731	2181.09783616	8.32596686556	-128113.401121	2668.24735386	-42948.3736399	807.418034027
10.0	0.25252	0.275	-1.02683523395	0.000465965748163	0.362526623112	0.000680056489915	-0.664308610837	0.00114405574506	2.08356933317	0.00988511472252	1.04310059163	0.00115648981606	25.8916179372	0.0817874593196	2.01943382801	0.00342886239269	1.61599146646	0.00628396541854	9306.37877541	23.8383983867	5532.11600245	19.2105767247	-97694.8148992	6714.95218505	-177560.828672	2051.72056938
10.0	0.24547	0.275	-0.904026835836	0.000115834307721	0.451002762223	0.000262060538426	-0.453024073612	0.00036946881862	1.00955799353	0.00133211615045	0.859022965479	0.000591458212745	10.1047597238	0.0502884103722	1.75284331314	0.00225657802059	0.677335809966	0.00286484247616	4804.04782227	22.4902992584	2103.18267916	7.15274425818	-123206.779487	2370.32476519	-38806.8855202	679.804421864
10.0	0.25158	0.275	-1.00505324182	0.000375479061301	0.379653128579	0.000571649871211	-0.625400113236	0.00094387669027	1.78361175223	0.00738218682055	1.00723183053	0.000946588718117	23.3415874299	0.117049228843	2.0422538024	0.00262289742066	1.42056158745	0.00578285670801	8729.27029687	37.1708467101	4870.72727841	23.4945373097	-200429.341869	4549.59179161	-183408.766661	1298.80877391
10.0	0.25534	0.275	-1.10985176002	0.00055510148554	0.29331511452	0.000720840926245	-0.816536645502	0.0012734283826	3.62419132229	0.014165569415	1.18315492306	0.00123067661167	26.8265331024	0.160205862724	1.70400364443	0.00380896810516	2.32409544962	0.00541141376222	8580.07914825	58.1568743445	6520.70261585	25.7659279999	441516.870087	4512.1055398	59199.6558414	2878.17180142
10.0	0.24641	0.275	-0.916293816633	0.000158640716386	0.444071343165	0.000340884099248	-0.472222473468	0.000493795119134	1.05528049612	0.00190296110629	0.873172504108	0.00057219491732	11.1219715072	0.0770540997817	1.78270260236	0.00276083696458	0.738927989609	0.00362400832696	5150.12165402	31.3669045476	2291.09513394	11.4512121454	-152738.819839	3324.36753486	-51470.5503734	1095.78456509
10.0	0.25017	0.275	-0.974782365123	0.000302300835953	0.404440976147	0.000503622972717	-0.570341388976	0.00080315466251	1.44018632019	0.0050506194979	0.956286580577	0.000911894624355	18.6971439997	0.112947472424	2.0094006654	0.00326356087212	1.15098934623	0.00487753999028	7446.20227186	38.9295066615	3829.76242351	20.7042267136	-264997.049033	3122.63237791	-153839.79411	1581.25617333
10.0	0.25346	0.275	-1.05415425149	0.000500295166752	0.338583286613	0.000700091627965	-0.71557096488	0.00119819978596	2.53488269272	0.0114396094595	1.08958983918	0.00126299434295	27.9494617939	0.0750676549159	1.93392627313	0.00385308430105	1.86351994607	0.00590396169671	9622.50663655	27.4484238144	6187.7951829	15.2939376314	101453.724917	8011.37983905	-121393.678204	3004.63072086
10.0	0.25299	0.275	-1.04087535815	0.000454611295568	0.349777478558	0.0006756938326	-0.691097879593	0.00112749238587	2.31067910306	0.00974764340897	1.06654149142	0.00106929689882	27.1360962636	0.0679930170521	1.9774574756	0.00359781815911	1.74756352793	0.00556139417423	9536.54247056	23.3018802204	5900.78300031	14.6685586697	3425.67345166	7029.21905633	-152790.774472	2403.32328519
10.0	0.245	0.275	-0.898575113119	0.000104927143798	0.45356818659	0.000225728016039	-0.445006926529	0.000323282186241	0.994301685834	0.00123693676518	0.85232877473	0.000495652181419	9.72212369339	0.0449075797677	1.73931122462	0.00223752597523	0.660369199098	0.00310882551227	4683.0925135	20.3713228677	2029.14696816	6.29105335899	-113160.987149	2263.98328845	-33718.5115717	560.858560953
10.0	0.25581	0.275	-1.12342846266	0.000482475409029	0.283457594901	0.000610955241632	-0.83997086776	0.00108971235396	3.92636873627	0.0127022363291	1.20548146324	0.0013218277758	25.8939080153	0.173776483473	1.65108634879	0.00334968614075	2.43087510839	0.00445129236741	8160.76217614	60.1700636559	6440.43091713	29.6170327472	485376.362234	3593.2277918	99346.7240886	2297.16295398
10.0	0.24829	0.275	-0.942400282725	0.00020599081527	0.428031239063	0.000357932424517	-0.514369043661	0.000556713468504	1.18366909188	0.00280562297572	0.908235373514	0.000782504553485	13.879129853	0.094819271394	1.87671598444	0.00344233996807	0.891039560905	0.00389785134049	6011.34920838	36.7485173711	2836.27131613	15.3898749316	-211897.07984	2526.06065202	-90322.0684965	1381.68681651
10.0	0.2497	0.275	-0.965646060468	0.000287575660235	0.41158319049	0.000501428354155	-0.554062869977	0.000785052297631	1.35735905905	0.00464164842169	0.943670631264	0.000856874923667	17.2631411505	0.111953651471	1.97797835013	0.00328111844863	1.07130740509	0.00495749745162	7034.95566139	38.821601608	3522.11923748	20.4973275479	-256362.11623	2779.51380779	-135648.386429	1472.42145992
10.0	0.24876	0.275	-0.949664874508	0.00021682675886	0.423162488916	0.000396539218462	-0.526502385592	0.00060941328171	1.23316532121	0.00320198250321	0.919473991482	0.000731075333031	14.884229798	0.0935938545943	1.9138781211	0.00347892307852	0.94508130706	0.00388023991837	6322.12584749	34.8367711608	3032.64776814	15.5891841025	-230925.442227	2882.10125483	-104861.44347	1423.05544162
10.0	0.25769	0.275	-1.17575777436	0.000367770671438	0.247854102694	0.000450493388961	-0.927903671664	0.000815218320562	5.20364490762	0.0121630361573	1.28309693241	0.000898979299431	19.3528504638	0.186488488545	1.47126376319	0.00221855529866	2.82833790048	0.00373371518736	5725.19032993	60.6801223846	5482.21985822	34.4119500336	427344.96317	7378.98354498	163272.103754	2562.15117745
10.0	0.25957	0.275	-1.22104629394	0.000231626419636	0.222823125372	0.000255255306097	-0.998223168568	0.000481310219163	6.44503502783	0.00837513390941	1.34272356986	0.000934706929948	13.5732644267	0.132322912346	1.35654786995	0.00129700105256	3.15411712773	0.00256134223647	3810.06538785	40.6785592023	4439.30597763	26.8168146868	237874.394113	7005.5628645	119707.481326	3316.19139401
10.0	0.25111	0.275	-0.994096614579	0.000368201547596	0.388941709917	0.000576156587318	-0.605154904662	0.000941425484142	1.64683753857	0.00694840058334	0.989638339934	0.000977931231887	21.8049390569	0.121579720706	2.0481462939	0.00241149781167	1.31855392782	0.0058294955035	8329.67124803	41.0527784773	4510.2218508	23.1653248955	-242733.959422	3921.04424386	-181019.160205	1374.69116241
10.0	0.25722	0.275	-1.16337696939	0.000462488182267	0.255564718521	0.000562140746668	-0.907812250868	0.00102182970327	4.8894399616	0.0141586858281	1.26379126774	0.00107090112872	21.0468450387	0.218546791338	1.51047699762	0.00292172290023	2.74058215544	0.00434237631255	6310.85669064	71.0066206409	5768.33988787	39.8682385731	463750.019659	7156.22691545	161598.809111	2146.28736229
10.0	0.25816	0.275	-1.18800303221	0.000393775562983	0.240271410373	0.000473365243827	-0.947731621837	0.000863810689407	5.5334161989	0.0126496671894	1.29878237753	0.00107948327861	17.7345227159	0.222660801553	1.43524181801	0.00227739265555	2.92164454586	0.0036813407025	5166.7771521	69.8804341534	5208.72335726	43.4762403224	381622.750258	9205.7277178	160440.906042	3756.20211239
10.0	0.25675	0.275	-1.15100794841	0.00047597404314	0.263566386789	0.000593994314812	-0.887441561623	0.00106698402734	4.58271225584	0.0142206186276	1.24601942664	0.00120066546525	22.6299470976	0.209330967922	1.54867664658	0.00304155643441	2.64778884111	0.00449495580024	6901.01438981	69.9337315225	5998.41489411	37.338111912	491753.387149	5792.40823415	150388.542858	1669.07716336
10.0	0.24735	0.275	-0.928628270038	0.00015919351684	0.436985745807	0.000299125638094	-0.491642524231	0.000451850903791	1.11186404189	0.00208989553025	0.889195744456	0.000682521781377	12.3170568064	0.0770701652074	1.82730119646	0.00316622864523	0.809688827462	0.00375290032159	5526.42320455	30.2655374484	2524.48606608	11.3171037406	-182114.302008	3376.69788361	-69346.5668218	1154.92415389
10.0	0.25863	0.275	-1.19960898327	0.000324538250256	0.233805858575	0.000369756458146	-0.965803124692	0.000690714400997	5.8519825047	0.0113318945955	1.31410559197	0.00104595165596	16.1084687127	0.168080176147	1.40499240353	0.00174508865313	3.00676069502	0.00317578027636	4638.29941542	52.6196595561	4902.55564685	32.8028898625	331985.615822	7860.10305955	147131.744459	3126.25775324
10.0	0.25628	0.275	-1.13602122324	0.000421142405019	0.27474712564	0.000542279467703	-0.861274097598	0.000960700821959	4.21294474551	0.0123171396677	1.22389431842	0.00111216926297	24.664923283	0.167972041717	1.60644737442	0.00288120022697	2.52861262429	0.00421288536442	7657.62848598	57.7252612026	6294.16500706	29.3122711008	496600.673031	4113.40990872	124708.549354	1704.48043933
10.0	0.25393	0.275	-1.06693408592	0.00053797524882	0.328351547235	0.000756985390242	-0.73858253868	0.0012927883279	2.76145024207	0.0127967026937	1.11095507371	0.00126803576034	28.4978906175	0.0777509664673	1.8850521216	0.00427461684204	1.97217986501	0.00622069643782	9643.45599079	29.2579826947	6412.52534952	14.6980732794	196903.174417	8051.6256343	-86427.093954	3245.73852742
10.0	0.2544	0.275	-1.08104521409	0.000468822836286	0.316563151371	0.000643366090547	-0.764482062717	0.00111001497867	3.03221118788	0.0113916340052	1.13367430851	0.00122934344859	28.4199915093	0.108251655123	1.82533037013	0.00380640364136	2.09388587288	0.00501912890575	9427.8614331	41.3773161516	6550.71519396	16.7875626024	290445.43231	5804.14546247	-37256.6211628	2999.81655898
10.0	0.25205	0.275	-1.0159114858	0.000406275615442	0.37103344131	0.00061562336332	-0.644878044485	0.00101891369646	1.93056982323	0.00768954854413	1.02506841042	0.00107014944371	24.7621081788	0.0907630836303	2.04214857144	0.00308390821009	1.5207428434	0.00535472258554	9055.8402604	30.0761505729	5233.87578177	18.7693797187	-156558.231522	6100.735213	-188838.332772	1907.51847721
10.0	0.2591	0.275	-1.20985168581	0.000274061273412	0.228666390936	0.00032067091884	-0.981185294875	0.000590182333312	6.13012630317	0.0103938240848	1.32932590629	0.0010458595289	14.999388243	0.146095201299	1.3824098772	0.00139427560466	3.07488395875	0.00300995199479	4264.51604279	45.3589109573	4711.61751834	28.5051562404	292168.239232	7026.55572679	137839.604243	2980.84778663
10.0	0.24923	0.275	-0.957958530002	0.000247940960459	0.416910817476	0.000431388578877	-0.541047712525	0.000674855347263	1.29496618439	0.00382742522364	0.931454234019	0.000754689539733	16.2100614887	0.103903759091	1.94786896388	0.00351300941122	1.01080231068	0.00475236605352	6728.64479065	36.5016620891	3297.68401513	18.5558570147	-252504.222722	3070.68761586	-123007.873199	1455.04125544
