8.0	0.2475	0.4	-1.16241954828	7.96962040083e-05	0.0145752238781	1.51130140787e-05	-1.1478443244	8.37600339579e-05	4.54799314756	0.00258497091526	1.07968349666	0.000520326636701	2.84764993732	0.00387579987404	1.34086713421	0.000423020777112	2.3417527796	0.00118012519411	64.725482809	0.110872191369	1353.85544906	1.87241733644	590.756240877	2.69263686115	5071.11918098	95.5429386992
8.0	0.2675	0.4	-1.45782331921	7.66679037626e-05	0.011879319732	1.23048726411e-05	-1.44594399947	7.96518587526e-05	9.76710206644	0.00392693002098	1.23818289729	0.000649707157743	2.52427520825	0.00305446837502	1.15717564048	0.000193324083003	3.42913783904	0.00138878925802	51.9953632574	0.0797291672664	1207.78388113	1.50957024124	462.439199085	1.72411870926	3976.75937283	87.4253211524
8.0	0.2725	0.4	-1.52854390022	7.71398377744e-05	0.0113408836924	1.24793816063e-05	-1.51720301653	7.89127396903e-05	11.2315953559	0.00426381437447	1.26764097364	0.000677182722135	2.46386408861	0.0030621755032	1.13470486467	0.00016384211053	3.66309409667	0.00151364166271	49.4442874162	0.0823594410013	1181.34564616	1.44568360535	437.78328043	1.84068638006	3714.39470339	108.253469062
8.0	0.2425	0.4	-1.08473202002	9.78715219517e-05	0.0153687217949	1.13661446241e-05	-1.06936329822	0.000101385904961	3.49449477036	0.00247286900664	1.02809042575	0.000512688188365	2.93369012238	0.00387117463087	1.43070408418	0.000575880916219	2.02370322953	0.00117667274371	68.718431874	0.0949839121936	1392.02929761	1.90449296979	634.768507415	2.7826812027	4365.75183809	112.961035469
8.0	0.2575	0.4	-1.31291655649	8.4296081389e-05	0.0131339018063	1.53557156416e-05	-1.29978265469	8.80363612832e-05	6.99688049575	0.00305825985484	1.16814097295	0.000576806616718	2.66363754967	0.00320660832678	1.22375022456	0.000304946229212	2.91856949602	0.0011267326621	57.9115967664	0.0941059092986	1270.84426955	1.50991635958	523.136841105	2.10245962195	4404.90644419	98.6285561941
8.0	0.225	0.4	-0.821708581248	7.05573514462e-05	0.0182220027233	1.48968167573e-05	-0.803486578524	7.30997186961e-05	1.2201355312	0.000871173275934	0.81266613602	0.000391541724384	2.31568973422	0.00298345792599	1.74107215813	0.00123374752596	0.925170464203	0.00110804090679	82.3481798282	0.119192909592	1072.40146313	1.38596737602	772.328525372	3.53640328298	-6761.10984677	76.4832003024
8.0	0.24	0.4	-1.04525594695	9.66669452673e-05	0.0158098953963	1.49952962897e-05	-1.02944605155	9.5898477835e-05	3.01967678031	0.00221414545794	0.998532184727	0.000580337922932	2.96412764355	0.0039886811041	1.48569686366	0.000572214985919	1.8588656505	0.00132505294766	70.6808720747	0.117111591683	1405.12908824	1.97675304826	649.564312531	2.99762452124	3216.15612018	97.0658671012
8.0	0.235	0.4	-0.966663980222	8.39919855648e-05	0.0166393762458	1.53291622491e-05	-0.950024603976	8.71858128374e-05	2.21174322868	0.0017597945921	0.935844179088	0.000411641628153	2.92492356568	0.00410577830583	1.60312051778	0.000838776795692	1.52558612083	0.00117810847302	74.6447388207	0.107979131706	1380.93629895	1.84096641894	692.213448808	3.0102353062	-598.641602963	102.765331479
8.0	0.2775	0.4	-1.59854145119	7.4625862037e-05	0.0107809321436	1.11870346854e-05	-1.58776051905	7.68713969846e-05	12.7579134376	0.00484078407256	1.29660429009	0.000795724343243	2.40958813596	0.00281226059931	1.11685196764	0.000144741005855	3.88457696139	0.00176204656383	46.8167565557	0.0715686666593	1158.02550163	1.31248441255	412.443852774	1.73030265455	3482.85351515	89.9717248186
8.0	0.215	0.4	-0.708473441064	5.247799661e-05	0.0193020047466	1.71787610568e-05	-0.689171436318	5.70526790958e-05	0.858987398512	0.000627241956857	0.72572954245	0.000344163657887	1.63234818098	0.0021744872499	1.70607184943	0.00136570916667	0.559872780076	0.00159902097831	87.6030614186	0.125521166288	728.674603877	0.928972554595	824.382027823	3.03059755586	-4038.14077142	44.9981706064
8.0	0.2125	0.4	-0.684432701438	4.51354109901e-05	0.0195465915922	1.65974991587e-05	-0.664886109846	4.90137173337e-05	0.815049014744	0.000613215002702	0.709861209983	0.000345195412794	1.5118110749	0.00188347814333	1.69316948225	0.00103805714721	0.502951742416	0.00158610834661	88.752611273	0.136624991676	667.195283798	0.813527792898	836.216203934	3.85323426658	-3292.29345645	39.6579247667
8.0	0.26	0.4	-1.34950622261	7.62231085301e-05	0.012821250102	1.1254747467e-05	-1.33668497251	7.63612499626e-05	7.66201662653	0.00325788842834	1.18667939601	0.000624004837868	2.62324867329	0.0036222061646	1.20352289816	0.00025470635692	3.05207244763	0.00131693883487	56.4134442873	0.099021287477	1252.72389788	1.68437162573	507.138389483	2.37165547725	4260.14366376	88.5161461418
8.0	0.2225	0.4	-0.790438278395	7.06678583552e-05	0.0185614874145	1.54939615428e-05	-0.771876790981	7.44493747647e-05	1.08929434649	0.000907369398684	0.787326808036	0.000417772997257	2.11700962413	0.00251611426277	1.73739749625	0.00130542769617	0.809157294359	0.0014507556584	84.0706554661	0.132948839573	971.398367618	1.25645720651	788.214834939	3.62074461806	-6635.33225897	59.7015643884
8.0	0.2625	0.4	-1.38590715269	8.25666489611e-05	0.0124874712759	1.31862282947e-05	-1.37341968142	8.49606956712e-05	8.34372154679	0.00383189994834	1.20457779833	0.000625387058374	2.58624819421	0.00329212868547	1.18610723344	0.000229714424678	3.18079719619	0.00140166481611	54.7875036544	0.0912099933681	1235.12052661	1.58639444567	490.79696562	2.08347847715	4027.63288558	89.2634069741
8.0	0.25	0.4	-1.2006424842	8.58940270576e-05	0.0142183417246	1.2561689687e-05	-1.18642414248	8.81981442408e-05	5.1221317947	0.00297384361458	1.10404405101	0.000563582598934	2.80322080667	0.00322836094929	1.30480171592	0.000405937508524	2.49256705725	0.00107565778477	63.167608145	0.0991446561349	1333.88432291	1.57637853822	577.337013322	2.43095308653	4796.90708452	107.814126955
8.0	0.2375	0.4	-1.00572583873	7.7589054172e-05	0.0162290565814	1.3737222172e-05	-0.989496782146	8.305661378e-05	2.59108510523	0.0018447411051	0.967364107322	0.000426274665087	2.96937859896	0.00358721894957	1.54338765244	0.000786758629279	1.69274314025	0.00112422055485	72.755014088	0.113130456251	1405.66450651	1.66749278041	674.847812519	3.23475867394	1554.16360641	112.177150359
8.0	0.23	0.4	-0.890737256877	7.02646713935e-05	0.0174576052894	1.40752612381e-05	-0.873279651588	7.39045419642e-05	1.60932227443	0.00127557428903	0.871535808777	0.000440355321143	2.69610102521	0.00374261647525	1.70066557724	0.000936763380034	1.20213451886	0.00121936256035	78.6288000839	0.10850534621	1264.45257016	1.90786504627	731.235577562	3.1162275396	-5095.25185227	87.0271063542
8.0	0.2025	0.4	-0.599231677477	4.36283694222e-05	0.020230844183	1.70696758761e-05	-0.579000833294	4.85974767788e-05	0.710545255151	0.000531983151658	0.660671586995	0.000335835049463	1.18567135683	0.00154330086012	1.67168944814	0.00118034233602	0.358982422932	0.00226285606229	92.1414893921	0.149826931159	502.551249752	0.683378925777	872.217235221	3.87173464118	-1510.63812296	24.5827212577
8.0	0.205	0.4	-0.61909490548	4.29567592926e-05	0.0200805326211	1.53263136516e-05	-0.599014372859	4.57679690986e-05	0.729162118883	0.000486480010899	0.670426237943	0.000371423179221	1.24790405708	0.00167479327205	1.67684654964	0.00108101366048	0.386728862634	0.00205071125194	91.2838622027	0.141813304755	534.718405428	0.699653698611	860.121484027	4.32930977477	-1790.36271446	28.7245632186
8.0	0.2075	0.4	-0.639889432158	3.97069488465e-05	0.0199017317149	1.70382783618e-05	-0.619987700443	4.47874057548e-05	0.75242500598	0.000502658390809	0.682726721527	0.000309662745178	1.32767444043	0.00189161236062	1.68257321665	0.00100970501479	0.417462949702	0.001784265415	90.5888225971	0.153769676799	574.975546544	0.835355691325	858.116022764	3.82377183997	-2237.56365977	35.1628557378
8.0	0.2275	0.4	-0.855237599777	8.60288037546e-05	0.0178862933843	1.37794858007e-05	-0.837351306393	8.86776391687e-05	1.39141753815	0.00111484795411	0.841207869318	0.00047745486606	2.50742599693	0.00314039819317	1.72835916895	0.00111998937427	1.05667830131	0.00124825667098	80.6265677274	0.131004143515	1169.21352927	1.46865395136	749.18405408	3.5860460623	-6437.09936079	82.6751611391
8.0	0.22	0.4	-0.761239573292	5.78777148876e-05	0.0188515841027	1.65317649628e-05	-0.742387989189	6.25311704877e-05	0.991127762407	0.000827699873025	0.764036967735	0.000334118674255	1.9357870593	0.00258052979802	1.7304758059	0.00120900675134	0.712316365883	0.00142831459701	85.4466526121	0.133768965824	880.483329472	1.15632479894	803.110269842	3.47706462436	-5955.87444235	55.2596094248
8.0	0.27	0.4	-1.49332454242	7.52018262393e-05	0.0116241778928	1.14578435971e-05	-1.48170036453	7.78806991385e-05	10.497511884	0.00365730499391	1.25334352178	0.00064977197422	2.4941214668	0.00304214087815	1.14510463308	0.000198471053422	3.54837251599	0.00123555665729	50.7582811999	0.0862571624862	1194.9553458	1.51516500116	451.007366041	2.11165858944	4011.84197187	94.4867767647
8.0	0.2175	0.4	-0.734082855414	5.3516751261e-05	0.019092424154	1.63313735399e-05	-0.71499043126	5.68701746173e-05	0.916073227074	0.000705152461768	0.74394783939	0.000333856501177	1.77144939718	0.00197533094771	1.716705884	0.00126727473804	0.628465679809	0.00149538859837	86.5436049511	0.141239592647	799.049139915	0.899412819753	813.636358054	3.91567737199	-5032.47580957	52.6651107391
8.0	0.2525	0.4	-1.23858152072	7.14299924984e-05	0.0138346608535	1.386747762e-05	-1.22474685986	7.40073294166e-05	5.72712601348	0.0032466561333	1.12714265273	0.000610177101497	2.74840151826	0.00380803393527	1.27368534838	0.000390732041368	2.63948398882	0.00129752588629	61.2006015778	0.109548420489	1308.59745342	1.7459482179	553.666213644	2.47548174838	4871.26107442	120.552489839
8.0	0.2325	0.4	-0.928088820352	9.02224000529e-05	0.0170873694697	1.37378648164e-05	-0.911001450882	9.03244855725e-05	1.88361786116	0.00149471139509	0.903465803661	0.000441868356204	2.8268974656	0.00374088755696	1.65551132537	0.000920111020075	1.36088432616	0.00109102215674	76.9001536818	0.118181323953	1331.29753559	1.71966623835	719.713794885	3.16807133888	-3010.89459798	98.3944904575
8.0	0.275	0.4	-1.56356108812	8.58517836053e-05	0.0110412029786	1.1010398193e-05	-1.55251988514	8.94187828618e-05	11.9882601358	0.00427890810345	1.2835705554	0.000675905224255	2.43260885493	0.00292958131046	1.1251257655	0.000152368927471	3.773179878	0.00137427569137	48.0689553028	0.0794368120317	1166.85850499	1.42212296347	424.833895832	1.95552266082	3523.44630468	92.2891389019
8.0	0.21	0.4	-0.661584649033	4.00910491391e-05	0.0197303158774	1.60389673814e-05	-0.641854333155	4.47754080368e-05	0.780704116249	0.000553457486122	0.694904713838	0.000298067207623	1.4104054026	0.0019517890128	1.6869961223	0.00112695178576	0.459102699513	0.00164564348124	89.4961253665	0.14213846599	617.066769265	0.902179552949	839.990768192	4.0217196248	-2705.30313639	34.3694584293
8.0	0.2	0.4	-0.58007953394	3.64042517186e-05	0.0203942181207	1.50782899141e-05	-0.55968531582	3.98771189005e-05	0.693776817468	0.000495822345479	0.650746013577	0.000350829697611	1.12536845016	0.00115777659253	1.67241383064	0.00109395566142	0.335980688213	0.00239599117065	92.7561777547	0.13091431158	473.090477123	0.549967724957	875.37411397	3.61299517173	-1253.97177223	22.3939579847
8.0	0.245	0.4	-1.12377112106	7.90371863485e-05	0.0149476243854	1.44790158386e-05	-1.10882349667	8.10802296658e-05	4.00356385861	0.00258611737237	1.05357599891	0.000514846017132	2.89406246677	0.00389793229316	1.38388039617	0.000469638487687	2.18628876902	0.00132196611832	66.5306256997	0.112680399363	1375.15043206	1.8660592681	606.961881085	2.69266447615	4850.81160283	100.507476121
8.0	0.265	0.4	-1.42201703105	7.65553654026e-05	0.0121978200907	1.24209947186e-05	-1.40981921095	7.97850511339e-05	9.0531595095	0.00361344816859	1.22231544825	0.000512047327749	2.55245807631	0.00326387197658	1.17005565013	0.000210754467944	3.3070669061	0.00120311564103	53.3474167872	0.08963852018	1220.18817893	1.659203964	474.508207039	2.1046913084	4080.93570864	92.5402399404
8.0	0.255	0.4	-1.27604303171	8.35464666327e-05	0.013499968175	1.31303851261e-05	-1.26254306353	8.69973005553e-05	6.35745150786	0.00315315770577	1.1480024026	0.000524515521764	2.70215722963	0.00387096271932	1.24639131913	0.000323896587554	2.78326683726	0.00111430873021	59.5960141963	0.0945607534949	1287.8975482	1.93121336599	536.785585949	2.37070330314	4565.71098697	93.5300868441
