10.0	1.4	0.008	-14.076542688510349	0.000643427852887547	0.9487264439340488	0.0028954723012196743	-13.1278162445763	0.0030065124224750023	328.7801678197031	0.08547929345233757	1.403748820836018	0.011135276483704474	7.4138569258934695	0.4809081400526801	1.00055699321908	8.368139755405455e-06	24.709652337092237	0.09946102787046428	7413.856925893469	480.90814005615556	-564766.8904202874	88595.85288136269	73997012.80519366	15443579.885106595
10.0	1.4	0.032	-14.077164783871272	0.0006111070494667671	0.9899927376745001	0.0012815827640725056	-13.087172046196772	0.0014901012419911612	328.8404691010469	0.0884151005099331	1.4002074110612635	0.011910557571496961	3.987175351113592	0.08498765593770509	1.0005570849054912	8.769001023672417e-06	24.743292756454274	0.10678206281769677	3987.175351113592	84.9876559355	-4140.372766414657	6966.774129670389	-761297.9970872402	723006.3020104887
10.0	1.4	0.08	-14.160764870151379	0.0006258177749587996	0.35199466389792183	0.0018401225779460589	-13.808770206253456	0.0021351947333134104	330.2818677967341	0.08856412040821147	1.3810797199667737	0.010933742809406111	5.1507563769632725	0.1362793286374601	1.0005259127664106	8.214460240044546e-06	24.96955044172109	0.10050694697445547	5150.7563769632725	136.2793286133869	4761.137461173348	12866.128022959567	162865.0352358818	2289320.0882923044
10.0	1.4	0.144	-14.2746297122263	0.0006033881318779502	0.15916782999691845	0.0002056103855233977	-14.115461882229381	0.0006848763441672401	332.6039742504927	0.09195734785337673	1.3727007886758342	0.011169343392146452	2.996193003014014	0.04630659794406665	1.0005178516845084	8.354888536077671e-06	25.13421731794144	0.10375268831324176	2996.193003014014	46.306597948185406	10082.21624942962	4133.34165268019	-498199.36975836754	411685.47671274364
10.0	1.4	0.096	-14.208103235157294	0.0005968061850441464	0.17912726955059494	0.0008040506310302474	-14.028975965606698	0.0011048191159980616	331.413955557915	0.09200893696525064	1.3935418810917501	0.012098436308067293	3.496938255977966	0.05785894433145145	1.0005318552849016	8.48646967869643e-06	24.899924469188	0.10966304353977117	3496.938255977966	57.85894432869826	8713.20935402764	5261.2125150845395	-757048.8378405571	565119.4967704207
10.0	1.4	0.136	-14.2656643634767	0.0005876582711836348	0.1543806629652031	0.0002685191110034264	-14.111283700511496	0.0007102698954962836	332.3989739350839	0.08277461757058939	1.384795008617285	0.011350094441125464	3.032520749457035	0.047705998444793826	1.0005068457347597	7.531914233651789e-06	25.016018767474787	0.10406554090150745	3032.520749457035	47.705998442195536	10811.347237904556	4544.344622946366	405823.81188869476	500693.902439577
10.0	1.4	0.016	-14.077323689646796	0.0005937207865305484	0.9810499775498397	0.0018484350845167365	-13.096273712096956	0.0019648265467386845	328.95291749662914	0.08636657111392983	1.3899772118320235	0.010735632660836707	4.7679314115782745	0.1743941490442338	1.000555469045126	8.194202600723265e-06	24.83883259750944	0.09702678131158683	4767.9314115782745	174.3941490394513	-53532.81358111417	15289.239240665764	7458351.319655776	1513157.235686829
10.0	1.4	0.104	-14.219724908274056	0.0005939954278591594	0.1629001416501677	0.0007534749844388535	-14.056824766623889	0.001063901215225185	331.64179373137017	0.08640964961634161	1.376092092164737	0.010747248741774641	3.3588048900696776	0.05569077585866796	1.0005182670861048	8.092153754955231e-06	25.06661136722068	0.09918365703778742	3358.8048900696776	55.6907758742646	12002.236871921923	5187.892151391918	87951.77564024925	560268.8375858966
10.0	1.4	0.088	-14.183919144520475	0.0006323781016636659	0.2651121923016817	0.0016020363102645222	-13.918806952218793	0.001966677133365064	330.8291193202486	0.08660766050937178	1.3926993732418511	0.01149715356004761	4.789534590344147	0.13383870198315778	1.0005334264890586	8.80053295218283e-06	24.885407402963985	0.10418870116075735	4789.534590344147	133.83870198618675	52037.33599046245	11283.186079381534	-55762.939155101776	1153571.1444386542
10.0	1.4	0.064	-14.097826739889102	0.00068092003922978	0.7912792527978528	0.002233660955675176	-13.306547487091247	0.002542776922500133	329.2416060884654	0.0895963491689919	1.4065719656277007	0.0113076092288616	6.086230732421427	0.27578180576998046	1.0005465326164935	8.506031294382045e-06	24.702126587021375	0.10095111357008728	6086.230732421427	275.78180576172554	-189825.67235070746	33130.330618619664	16780337.318778038	3624309.5399640175
10.0	1.4	0.056	-14.088195152025847	0.0006256251162583585	0.8742374980241934	0.002609267015967242	-13.213957654001657	0.0028886339494784913	329.1225547013984	0.0886506190114354	1.3865682336354497	0.011572214156536623	7.103061952761891	0.3336963950603071	1.0005360069703628	8.221201693981864e-06	24.875916054419775	0.10521936914778725	7103.061952761891	333.69639507385847	-180616.8029361288	46659.222913731915	20344654.330983758	6292557.226576962
10.0	1.4	0.112	-14.234183437250179	0.0005830791404383772	0.1501680457538499	0.0005474456274089539	-14.08401539149633	0.0009098041107561856	331.91707439190554	0.08707236865533452	1.3600776672947799	0.011096685832765798	3.2623743014141837	0.05156129980743426	1.0005298697064995	8.030301991402176e-06	25.224871500276233	0.10432029322559831	3262.3743014141837	51.56129980251015	15942.467143759131	4754.689871318595	-39843.14389526844	502032.40981822467
10.0	1.4	0.04	-14.076842068068565	0.000608059231046175	0.9819104997123071	0.001560999623576323	-13.094931568356255	0.001765655650468034	328.72947581339474	0.08872528982824213	1.4081226833059197	0.011016779689786267	4.553379400306312	0.13134848657016457	1.0005513143206415	9.44426850398486e-06	24.66917136939591	0.09780559361516725	4553.379400306312	131.34848659804558	-38445.29783236794	13207.854175419932	3229914.0002578497	1398072.5154993273
10.0	1.4	0.128	-14.254963039684494	0.0005814228006584983	0.15155172222049948	0.0003571167203496048	-14.103411317463994	0.0007463439145157448	332.10842472805103	0.0952268087070803	1.3879064347104648	0.011761653990147255	3.016436722390381	0.04450786794304706	1.0005219380050452	7.756580433198106e-06	24.976875873855462	0.10744380356113963	3016.436722390381	44.507867949045966	1802.7867554337718	4409.213909131827	-663596.4382439852	414885.6634696736
10.0	1.4	0.072	-14.121659961773263	0.0007951343791864946	0.614536589909693	0.0049033268682878136	-13.507123371863575	0.005461815527951399	329.6726638987127	0.0935587112682864	1.391307049345215	0.011744447768809577	17.8186118423298	0.9357018911441931	1.0005591746783609	9.461850154643816e-06	24.854169588449224	0.10643019479973818	17818.611842329803	935.7018910919918	-1177139.3337767222	172421.8561334536	-11029449.524357915	40099892.15256291
10.0	1.4	0.024	-14.076407137315037	0.0006007380379706816	0.9905336647546543	0.0013743316791231621	-13.085873472560385	0.0015464975234148594	328.8682854984653	0.09169845222090814	1.4146267964734076	0.011262254108247922	4.096143059541646	0.08063114041142022	1.000561631478631	9.403116811481038e-06	24.61736832779398	0.09959522217710806	4096.143059541646	80.6311404160455	-5236.00829183124	7193.707939126839	-1602282.2819650173	868028.2300398125
10.0	1.4	0.12	-14.245009855079866	0.0005961998980406266	0.14906918184503984	0.00045316491393575177	-14.095940673234827	0.000872004097240629	332.04493222178894	0.08731383782023741	1.38393761351024	0.011243067100708192	3.157062342467043	0.04879075079084517	1.0005130050710347	8.519047417212903e-06	25.010413245787355	0.10341877937205865	3157.062342467043	48.79075077329805	10051.602657767944	4792.41320390449	221421.94211483002	529972.159092463
10.0	1.4	0.168	-14.30224199092362	0.0005465310801176413	0.1760212088449814	9.9767830370589e-05	-14.126220782078638	0.0005909193540874275	333.1444469390053	0.08923940142623324	1.349214253635837	0.010645512938274617	2.9453119743436673	0.04370867122082468	1.00051537799725	8.34825503877454e-06	25.373609441828982	0.1016435143886665	2945.3119743436673	43.708671241016845	9479.651453148108	4592.94387331737	776752.1310597658	562440.246601276
10.0	1.4	0.176	-14.30968624381243	0.0005771014419272703	0.1822958738972719	9.68796049490119e-05	-14.12739036991516	0.0006292642763745159	333.184634020717	0.08726134528476306	1.364708617801664	0.01158574026888749	2.9669957621365484	0.043808544807729714	1.0004988451750454	7.727958267565978e-06	25.230096053049486	0.1087150713513485	2966.9957621365484	43.80854481300209	9138.72463570442	4041.7405941186694	7945.345714688301	422644.563309835
10.0	1.4	0.048	-14.078838179665912	0.0006273116997244229	0.9572190800689176	0.0021504544008103224	-13.121619099596995	0.0023984535014817433	328.9637953973228	0.08888089763945789	1.3953817101783048	0.011148004544446396	5.7158755826662855	0.17171371922266665	1.000540280627577	8.570914242925464e-06	24.790891003651513	0.10052224823219864	5715.8755826662855	171.71371923819885	-51478.38146513095	14394.887009919441	-3705034.0324640274	1874726.7448567068
10.0	1.4	0.16	-14.293859368257857	0.0005848641736901015	0.17020232261862073	0.00013665245911959265	-14.123657045639236	0.0006455514010840598	333.0649744455622	0.08867764531646058	1.3668308065700583	0.011229164449465758	2.9161775815680357	0.042696318843428026	1.000502566314513	7.884094409512632e-06	25.20587518676665	0.10525238974293523	2916.1775815680357	42.6963188817332	10271.107385051437	3961.2887205226225	-290747.2662627697	419976.55278961867
10.0	1.4	0.152	-14.286341583954734	0.0005616833825327123	0.16436084432366468	0.00017226505871725142	-14.12198073963107	0.0006244565601334413	333.0342099556569	0.09034926171221885	1.3637146546013916	0.011301708787691005	2.9468149809019906	0.045077011892083456	1.0005064288292385	8.274935610383382e-06	25.233605332262904	0.10628064476435457	2946.8149809019906	45.07701187238719	7311.603440030012	4026.789635996432	-67841.02879464626	446571.7311085858
